AIMSum (Version 16.05.18, Professional)
Copyright (c) 1997-2016 by Todd A. Keith
AIMSum is a component of the AIMAll package ( http://aim.tkgristmill.com )

TP:  64-bit Linux

Licensed To:  Masaryk University, CEITEC MU (LR:  Prof. Jaroslav Koca)

Much of the Quantum Theory of Atoms in Molecules (QTAIM) is described in the book:
  "Atoms in Molecules - A Quantum Theory"
  R.F.W. Bader, Oxford University Press, Oxford, 1990

For additional references see:  http://aim.tkgristmill.com/references.html

Wfx File:  /scratch/joseph/job_251724.wagap-pro.cerit-sc.cz/main/a.wfx
Sum File:  /scratch/joseph/job_251724.wagap-pro.cerit-sc.cz/main/a.sum

SumViz File:  /scratch/joseph/job_251724.wagap-pro.cerit-sc.cz/main/a.sumviz

Wfx Title:  Title                                                                          
 
Total memory allocated for AIMSum =        0.800 Megabytes

Atomic units (a.u.) used throughout, except where stated otherwise

Model:  Restricted M062X
 
Restricted, closed-shell, single-determinant wavefunction.
  Number of electrons (from MO Occs)                   =          70.0000000000
  Number of Alpha electrons (from MO Occs)             =          35.0000000000
  Number of Beta electrons (from MO Occs)              =          35.0000000000
  Number of electron pairs (N*(N-1)/2)                 =        2415.0000000000
  Number of electron pairs (from Muller 2EDM)          =        2415.0000000000
 
Nuclear Charges and Cartesian Coordinates:
-------------------------------------------------------------------------------
Atom      Charge                X                  Y                  Z
-------------------------------------------------------------------------------
H1         1.0          -2.4938486900E+00  -4.9868255700E+00   1.2785021900E-03
H2         1.0          -5.4445791800E+00  -3.4577078900E+00   1.2481925000E-03
N3         7.0          -3.5215125900E+00  -3.3881059400E+00  -4.6816661800E-04
N4         7.0           2.2212888700E+00  -2.7714476700E+00   6.1258027100E-05
C5         6.0          -2.3173350400E+00  -1.1706469200E+00  -5.0413851100E-05
H6         1.0           6.1823925500E+00  -2.2411939800E+00   3.4628131000E-04
C7         6.0           3.3642314600E-01  -9.7422345800E-01  -1.7375213800E-04
C8         6.0           4.2995917600E+00  -1.4598339200E+00   1.9221498700E-04
N9         7.0          -3.6425386600E+00   9.9199235000E-01   1.4463835300E-04
C10        6.0           1.3275942900E+00   1.4525324300E+00  -1.6970951800E-04
N11        7.0           3.8935571900E+00   1.1051680400E+00  -9.6452784500E-05
C12        6.0          -2.4288052900E+00   3.2205639500E+00   1.2154017300E-04
H13        1.0           5.2019137700E+00   2.4870086300E+00   2.1571168200E-04
N14        7.0           3.4809420100E-02   3.6224856300E+00  -7.7330205500E-05
H15        1.0          -3.6499212900E+00   4.8677194900E+00   4.4440699200E-04
 
Some Atomic Properties:
----------------------
  q(A) = Net Charge of Atom A
  L(A) = Lagrangian of Atom A = -(1/4) Times Atomic Integral of the Laplacian of the Electron Density
  K(A) = Electronic Kinetic Energy of Atom A (Hamiltonian Form)
  K_Scaled(A) = K(A) * E(Mol)/K(Mol) = Approximation to Virial-Based Total Energy of Atom A.
  |Mu_Intra(A)| = Magnitude of Intraatomic Dipole Moment of Atom A
--------------------------------------------------------------------------------------------------
Atom A          q(A)              L(A)              K(A)          K_Scaled(A)      |Mu_Intra(A)|
--------------------------------------------------------------------------------------------------
H1        4.3694279795E-01  2.9458864734E-05  4.4164907074E-01 -4.4360765175E-01  1.6037806860E-01
H2        4.3682344252E-01  2.5046780445E-05  4.3455900639E-01 -4.3648614509E-01  1.6071061232E-01
N3       -1.2092926982E+00  2.4102783031E-05  5.5115786689E+01 -5.5360208652E+01  6.9155832772E-02
N4       -1.1450661697E+00 -1.1523300515E-05  5.5064036820E+01 -5.5308229288E+01  2.2536440198E-01
C5        1.0468659445E+00 -2.2359328627E-04  3.7332512930E+01 -3.7498071414E+01  5.9932815291E-01
H6        7.4499033660E-02  1.5364514826E-05  5.9217990233E-01 -5.9480604237E-01  1.2375980917E-01
C7        3.9199009990E-01 -2.0994630964E-04  3.7785197295E+01 -3.7952763298E+01  4.1442284189E-01
C8        1.0363038801E+00 -7.1607299776E-05  3.7289760884E+01 -3.7455129775E+01  7.0420080381E-01
N9       -1.1737784190E+00  3.3980799149E-05  5.5072937781E+01 -5.5317169722E+01  2.0365553665E-01
C10       9.0974277050E-01 -7.2242486205E-05  3.7474289280E+01 -3.7640476499E+01  5.5427166069E-01
N11      -1.2216608795E+00  1.4097866851E-04  5.5227272630E+01 -5.5472189000E+01  3.9243063999E-02
C12       1.1008940977E+00  1.5571525348E-04  3.7249900968E+01 -3.7415093093E+01  5.7922496561E-01
H13       4.4967186889E-01  1.7608896009E-05  4.3378952018E-01 -4.3571324643E-01  1.5670245273E-01
N14      -1.1846669842E+00 -1.8921422851E-05  5.5108900354E+01 -5.5353291778E+01  1.7655491840E-01
H15       5.0594522630E-02  2.1958553232E-05  6.0826958128E-01 -6.1096707421E-01  1.2889325630E-01
--------------------------------------------------------------------------------------------------
Total    -1.3669225000E-04 -1.4361899184E-04  4.6523104271E+02 -4.6729420268E+02
 
Molecular charge q(Mol) from the wfx file:   0.0000000000E+00
Molecular energy E(Mol) from the wfx file:  -4.6729421136E+02
Molecular virial ratio (-V(Mol)/T(Mol)) from the wfx file:   2.0044346997E+00
Note.  K_Scaled(A) = (1+V(Mol)/T(Mol))*K(A) = (E(Mol)/T(Mol))*K(A)
       Only use K_Scaled(A) data with caution.
 
N_AIMInt(SumA)     =         70.000137
N_Analytic(Mol)    =         70.000000
 
G_AIMInt(SumA)     =        465.231186
G_Analytic(Mol)    =        465.231052
 
K_AIMInt(SumA)     =        465.231043
K_Analytic(Mol)    =        465.231052
 
L_AIMInt(SumA)     =         -0.000144
L_Analytic(Mol)    =          0.000000
 
VenT_AIMInt(SumA)  =      -2097.981233
VenT_Analytic(Mol) =      -2097.979274
 
Some Information About the Atomic Calculations:
----------------------------------------------
  Time(sec) = "Elapsed User Time", in Seconds, for Atom A by AIMInt and, if used, by TWOe
  NProc = Number of Processors Used for AIMInt Job
  BIM = Basin Integration Method
  OAQ = Angular Quadrature Outside of Beta Sphere
  ORQ = Multiple of Default for Radial Quadrature Outside of Beta Sphere
  IAQ = Multiple of Default for Angular Quadrature Inside of Beta Sphere
  IRQ = Multiple of Default for Radial Quadrature Inside of Beta Sphere
  MIR = Maximum Integration Radius
------------------------------------------------------------------------------------------------------
Atom A     Time(sec)   NProc      BIM              OAQ                 ORQ      IAQ      IRQ      MIR
------------------------------------------------------------------------------------------------------
H1            164        8     Proaim(5)    2030      (Very High)      Auto     Auto     Auto    13.00
H2            193        8     Proaim(5)    2030      (Very High)      Auto     Auto     Auto    13.00
N3            974        8     Proaim(5)    4334      (Very High)      Auto     Auto     Auto    13.00
N4            724        8     Proaim(5)    4334      (Very High)      Auto     Auto     Auto    13.00
C5            650        8     Proaim(5)    4334      (Very High)      Auto     Auto     Auto    13.00
H6            211        8     Proaim(5)    2030      (Very High)      Auto     Auto     Auto    13.00
C7            625        8     Proaim(5)    4334      (Very High)      Auto     Auto     Auto    13.00
C8            629        8     Proaim(5)    4334      (Very High)      Auto     Auto     Auto    13.00
N9            674        8     Proaim(5)    4334      (Very High)      Auto     Auto     Auto    13.00
C10           602        8     Proaim(5)    4334      (Very High)      Auto     Auto     Auto    13.00
N11           725        8     Proaim(5)    4334      (Very High)      Auto     Auto     Auto    13.00
C12           666        8     Proaim(5)    4334      (Very High)      Auto     Auto     Auto    13.00
H13           185        8     Proaim(5)    2030      (Very High)      Auto     Auto     Auto    13.00
N14           621        8     Proaim(5)    4334      (Very High)      Auto     Auto     Auto    13.00
H15           189        8     Proaim(5)    2030      (Very High)      Auto     Auto     Auto    13.00
------------------------------------------------------------------------------------------------------
Total        7832
Note:  Total wall clock time is less than total of atomic times if more than one atom
       was calculated at a time
Note:  Total time does not include times for diatomic interaction energy calculations (4791 seconds)
 
Electron Density Critical Point Analysis of Molecular Structure:               
---------------------------------------------------------------                
  NACP = Nuclear Attractor Critical Point                                      
  NNACP = Non-Nuclear Attractor Critical Point                                 
  BCP = Bond Critical Point                                                    
  RCP = Ring Critical Point                                                    
  CCP = Cage Critical Point                                                    
  Rho = Electron Density                                                       
  GradRho = Gradient of Electron Density                                       
  HessRho_EigVals = Eigenvalues of the Hessian of Rho, Ascending Order         
  HessRho_EigVecs = Eigenvectors of the Hessian of Rho                         
  DelSqRho = Laplacian of Rho = Trace of Hessian of Rho                        
  Bond Ellipticity = (HessRho_EigVal(1) / HessRho_EigVal(2)) - 1               
  V = Virial Field = Potential Energy Density = Trace of Stress Tensor         
  G = Lagrangian Form of Kinetic Energy Density                                
  K = Hamiltonian Form of Kinetic Energy Density                               
  L = K - G = Lagrangian Density = (-1/4)DelSqRho                              
  Vnuc = Electrostatic Potential from Nuclei                                   
  Ven = Electron-nuclear attractive contribution to Virial Field V             
  Vrep = V - Ven = Repulsive contribution to Virial Field V                    
  DelSqV = Laplacian of V                                                      
  DelSqVen = Laplacian of Ven                                                  
  DelSqVrep = Laplacian of Vrep                                                
  DelSqG = Laplacian of G                                                      
  DelSqK = Laplacian of K                                                      
  Stress_EigVals = Eigenvalues of Stress Tensor, Ascending Order               
  Stress_EigVecs = Eigenvectors of Stress Tensor                               
  -DivStress = Ehrenfest Force Density = Minus Divergence of Stress Tensor     
  ESP = Total Electrostatic Potential                                          
  ESPe = Electrostatic Potential from Electrons                                
  ESPn = Electrostatic Potential from Nuclei                                   
  BP = Bond Path                                                               
  BPL = Bond Path Length                                                       
  GBL = Geometric Bond Length                                                  
  GBL_I = Distance Between Nuclear Attractors                                  
  GBL_II = Distance Between Nuclei                                             
  GBL_III = Sum of Distances Between BCP and Nuclear Attractors                
  GBL_IV = Sum of Distances Between BCP and Nuclei                             

CP# 1      Coords = -2.51481209303868E+00 -4.95457965181801E+00  1.24598430689744E-03
           Type = (3,-3) NACP H1
           Rho =  4.2394762226E-01     Rho at Nucleus =  4.1816117208E-01
           GradRho =  4.4148712464E-16 -8.1662107632E-16 -2.0328790734E-20
           HessRho_EigVals = -8.5642892035E+00 -8.5375106388E+00 -7.3739570435E+00
           HessRho_EigVec1 =  8.3998424691E-01  5.4261064014E-01 -3.9768797126E-04
           HessRho_EigVec2 = -1.3959431341E-04  9.4901348118E-04  9.9999953994E-01
           HessRho_EigVec3 = -5.4261076792E-01  8.3998380495E-01 -8.7290173405E-04
           DelSqRho = -2.4475756886E+01
           Bond Ellipticity = NA
           V = -6.1499190691E+00
           G =  1.5489923817E-02
           K =  6.1344291453E+00
           L =  6.1189392215E+00
           Vnuc =  3.9571799230E+01
           Ven = -1.6776370192E+01
           Vrep =  1.0626451123E+01
           DelSqV =  1.5622918108E+03
           DelSqVen =  9.6854973749E+02
           DelSqVrep =  5.9374207334E+02
           DelSqG =  1.1893879301E+02
           DelSqK = -1.6812306038E+03
           Stress_EigVals = -2.1538157906E+00 -2.1489281107E+00 -1.8471751678E+00
           Stress_EigVec1 = -4.4699407689E-05  9.8893692338E-04  9.9999951000E-01
           Stress_EigVec2 =  8.4019151123E-01  5.4228956815E-01 -4.9873435858E-04
           Stress_EigVec3 = -5.4228979564E-01  8.4019107725E-01 -8.5513643065E-04
           -DivStress =  1.0898130278E+01 -1.6767290615E+01  1.6899341511E-02
           ESP =  -1.0010452129E+00     ESP at Nucleus =  -1.0036459366E+00
           ESPe = -1.4572621427E+01     ESPe at Nucleus = -1.4466879939E+01
           ESPn =  1.3571576214E+01     ESPn at Nucleus =  1.3463234003E+01

CP# 2      Coords = -5.40708320793050E+00 -3.45663315277827E+00  1.21768005846225E-03
           Type = (3,-3) NACP H2
           Rho =  4.1318945333E-01     Rho at Nucleus =  4.0779069106E-01
           GradRho =  1.0985917037E-13  4.1425196606E-15 -9.0127693720E-17
           HessRho_EigVals = -8.3723296459E+00 -8.3475147515E+00 -7.2549833071E+00
           HessRho_EigVec1 = -3.3254914926E-02  9.9944682917E-01 -3.8247380491E-04
           HessRho_EigVec2 =  8.2754884391E-04  4.1022063025E-04  9.9999957344E-01
           HessRho_EigVec3 =  9.9944655975E-01  3.3254584225E-02 -8.4073292019E-04
           DelSqRho = -2.3974827704E+01
           Bond Ellipticity = NA
           V = -6.0224306863E+00
           G =  1.4361880075E-02
           K =  6.0080688062E+00
           L =  5.9937069261E+00
           Vnuc =  3.9460355718E+01
           Ven = -1.6304602807E+01
           Vrep =  1.0282172121E+01
           DelSqV =  1.5344968625E+03
           DelSqVen =  9.4605522948E+02
           DelSqVrep =  5.8844163301E+02
           DelSqG =  1.1701458238E+02
           DelSqK = -1.6515114449E+03
           Stress_EigVals = -2.1047741822E+00 -2.1002172307E+00 -1.8174392734E+00
           Stress_EigVec1 =  8.0496131427E-04  4.9288561916E-04  9.9999955455E-01
           Stress_EigVec2 = -3.3561445223E-02  9.9943654757E-01 -4.6559244390E-04
           Stress_EigVec3 =  9.9943633186E-01  3.3561055489E-02 -8.2104971057E-04
           -DivStress = -1.9110296611E+01 -5.5187819951E-01  1.5528676596E-02
           ESP =  -9.9810218514E-01     ESP at Nucleus =  -1.0000772653E+00
           ESPe = -1.3799883907E+01     ESPe at Nucleus = -1.3688143335E+01
           ESPn =  1.2801781721E+01     ESPn at Nucleus =  1.2688066070E+01

CP# 3      Coords = -3.52151243284594E+00 -3.38810583228223E+00 -4.68156487225604E-04
           Type = (3,-3) NACP N3
           Rho =  1.9810331048E+02     Rho at Nucleus =  1.9810331047E+02
           GradRho =  2.1200682876E-10  1.1214397466E-10  3.2458159424E-12
           HessRho_EigVals = -7.3710823442E+05 -7.3710736733E+05 -7.3709530858E+05
           HessRho_EigVec1 =  7.7178158523E-01  6.3588753196E-01 -4.8103452954E-04
           HessRho_EigVec2 = -6.3588767894E-01  7.7178157282E-01 -2.5222686787E-04
           HessRho_EigVec3 =  2.1086566529E-04  5.0054798240E-04  9.9999985249E-01
           DelSqRho = -2.2113109103E+06
           Bond Ellipticity = NA
           V = -5.5288608507E+05
           G =  2.9178742091E+01
           K =  5.5285690633E+05
           L =  5.5282772758E+05
           Vnuc =  3.6688394957E+07
           Ven = -7.2680924972E+09
           Vrep =  7.2675396111E+09
           DelSqV =  7.8724761796E+10
           DelSqVen =  8.1129516302E+13
           DelSqVrep = -8.1050791541E+13
           DelSqG =  2.0574618516E+09
           DelSqK = -8.0782223647E+10
           Stress_EigVals = -1.8429709355E+05 -1.8429458383E+05 -1.8429440769E+05
           Stress_EigVec1 =  2.0084854558E-04  5.0091653578E-04  9.9999985437E-01
           Stress_EigVec2 = -5.2631791298E-01  8.5028780536E-01 -3.2021308117E-04
           Stress_EigVec3 =  8.5028784193E-01  5.2631777202E-01 -4.3442041472E-04
           -DivStress = -4.0746682154E+03 -2.7945986965E+03 -2.6267881501E+02
           ESP =  -1.8350130633E+01     ESP at Nucleus =  -1.8350130633E+01
           ESPe = -3.0434328654E+01     ESPe at Nucleus = -3.0434328312E+01
           ESPn =  1.2084198021E+01     ESPn at Nucleus =  1.2084197679E+01

CP# 4      Coords =  2.22128927512718E+00 -2.77144079487959E+00  6.12577310212979E-05
           Type = (3,-3) NACP N4
           Rho =  1.9878736531E+02     Rho at Nucleus =  1.9878734776E+02
           GradRho = -2.4713786573E-11  3.9745096103E-11  2.2512373909E-15
           HessRho_EigVals = -7.3984518784E+05 -7.3984446038E+05 -7.3983139043E+05
           HessRho_EigVec1 =  2.5206619489E-04  5.0173067525E-06  9.9999996822E-01
           HessRho_EigVec2 =  9.9075974762E-01 -1.3562839105E-01 -2.4905655831E-04
           HessRho_EigVec3 =  1.3562838549E-01  9.9075977892E-01 -3.9158278022E-05
           DelSqRho = -2.2195210387E+06
           Bond Ellipticity = NA
           V = -5.5493478914E+05
           G =  2.7264739562E+01
           K =  5.5490752440E+05
           L =  5.5488025966E+05
           Vnuc =  1.0164147940E+06
           Ven = -2.0205041896E+08
           Vrep =  2.0149548418E+08
           DelSqV =  7.9016719101E+10
           DelSqVen =  2.2559540193E+12
           DelSqVrep = -2.1769372997E+12
           DelSqG =  2.0656579725E+09
           DelSqK = -8.1082377074E+10
           Stress_EigVals = -1.8498011010E+05 -1.8497763148E+05 -1.8497704756E+05
           Stress_EigVec1 =  1.6798146915E-01  9.8579015239E-01 -3.8421031787E-05
           Stress_EigVec2 =  9.8579015290E-01 -1.6798146985E-01 -1.5533767863E-05
           Stress_EigVec3 =  2.1767056781E-05  3.5265689652E-05  9.9999999914E-01
           -DivStress = -1.0549451683E+04 -1.7892130679E+05  7.7019806692E+00
           ESP =  -1.8383861566E+01     ESP at Nucleus =  -1.8383861892E+01
           ESPe = -3.2308443211E+01     ESPe at Nucleus = -3.2308428505E+01
           ESPn =  1.3924581644E+01     ESPn at Nucleus =  1.3924566613E+01

CP# 5      Coords = -2.31733659402461E+00 -1.17064783554965E+00 -5.04149133600785E-05
           Type = (3,-3) NACP C5
           Rho =  1.2216911646E+02     Rho at Nucleus =  1.2216911594E+02
           GradRho = -2.2472801398E-11 -1.2455578235E-11  8.2421049152E-16
           HessRho_EigVals = -3.2293875140E+05 -3.2293633493E+05 -3.2293505537E+05
           HessRho_EigVec1 =  1.1724888338E-04  1.7062256138E-04  9.9999997857E-01
           HessRho_EigVec2 =  2.6244137778E-01  9.6494791831E-01 -1.9541284811E-04
           HessRho_EigVec3 =  9.6494793097E-01 -2.6244139507E-01 -6.8360645848E-05
           DelSqRho = -9.6881014170E+05
           Bond Ellipticity = NA
           V = -2.4221955764E+05
           G =  8.5111092261E+00
           K =  2.4221104654E+05
           L =  2.4220253543E+05
           Vnuc =  3.3265673640E+06
           Ven = -4.0640379570E+08
           Vrep =  4.0616157615E+08
           DelSqV =  2.3762718533E+10
           DelSqVen =  3.2228122460E+12
           DelSqVrep = -3.1990495275E+12
           DelSqG =  6.4035065975E+08
           DelSqK = -2.4403069192E+10
           Stress_EigVals = -8.0740357672E+04 -8.0740071609E+04 -8.0739128364E+04
           Stress_EigVec1 =  9.5924368604E-01 -2.8258015924E-01 -6.6333680350E-05
           Stress_EigVec2 =  2.8258015032E-01  9.5924368362E-01 -1.1867076070E-04
           Stress_EigVec3 =  9.7164166342E-05  9.5089596552E-05  9.9999999076E-01
           -DivStress =  1.2157404492E+04  7.1632513690E+03  8.3072531612E+00
           ESP =  -1.4670452460E+01     ESP at Nucleus =  -1.4670452481E+01
           ESPe = -3.0808830033E+01     ESPe at Nucleus = -3.0808831581E+01
           ESPn =  1.6138377573E+01     ESPn at Nucleus =  1.6138379100E+01

CP# 6      Coords =  6.15527779160248E+00 -2.22913392727180E+00  3.44143475790992E-04
           Type = (3,-3) NACP H6
           Rho =  4.4134318943E-01     Rho at Nucleus =  4.3758254909E-01
           GradRho = -1.7537620661E-14  9.0032148403E-15 -1.2366681030E-18
           HessRho_EigVals = -9.0460957903E+00 -9.0341346942E+00 -8.2590627881E+00
           HessRho_EigVec1 =  3.9944891933E-01  9.1675545113E-01 -6.0577696194E-05
           HessRho_EigVec2 = -4.2583909041E-05  8.4633030842E-05  9.9999999551E-01
           HessRho_EigVec3 =  9.1675545214E-01 -3.9944891496E-01  7.2845603454E-05
           DelSqRho = -2.6339293273E+01
           Bond Ellipticity = NA
           V = -6.5955009031E+00
           G =  5.3387924515E-03
           K =  6.5901621106E+00
           L =  6.5848233182E+00
           Vnuc =  4.6183325665E+01
           Ven = -2.0382696248E+01
           Vrep =  1.3787195345E+01
           DelSqV =  1.7112260319E+03
           DelSqVen =  1.2164361590E+03
           DelSqVrep =  4.9478987292E+02
           DelSqG =  1.3145252398E+02
           DelSqK = -1.8426785559E+03
           Stress_EigVals = -2.2645969522E+00 -2.2644880909E+00 -2.0664158599E+00
           Stress_EigVec1 = -1.3203510236E-05  1.5411135315E-04  9.9999998804E-01
           Stress_EigVec2 =  3.9947252314E-01  9.1674515802E-01 -1.3600639888E-04
           Stress_EigVec3 =  9.1674516802E-01 -3.9947251656E-01  7.3667505165E-05
           -DivStress =  1.5108596346E+01 -6.7181459709E+00  1.1929783354E-03
           ESP =  -1.0566582424E+00     ESP at Nucleus =  -1.0581718262E+00
           ESPe = -1.3542529253E+01     ESPe at Nucleus = -1.3457098190E+01
           ESPn =  1.2485871011E+01     ESPn at Nucleus =  1.2398926363E+01

CP# 7      Coords =  3.36423582556588E-01 -9.74224735622559E-01 -1.73751914388745E-04
           Type = (3,-3) NACP C7
           Rho =  1.2211536410E+02     Rho at Nucleus =  1.2211536381E+02
           GradRho =  2.1055973631E-09 -6.1671814322E-09  1.0780527133E-12
           HessRho_EigVals = -3.2277893759E+05 -3.2277867700E+05 -3.2277755938E+05
           HessRho_EigVec1 = -6.8922017663E-01  7.2455196334E-01 -2.3510121889E-05
           HessRho_EigVec2 = -1.3323821843E-04 -9.4293232680E-05  9.9999998668E-01
           HessRho_EigVec3 =  7.2455195147E-01  6.8922017058E-01  1.6152681124E-04
           DelSqRho = -9.6833517397E+05
           Bond Ellipticity = NA
           V = -2.4210167400E+05
           G =  8.9402533769E+00
           K =  2.4209273374E+05
           L =  2.4208379349E+05
           Vnuc =  4.4439725434E+06
           Ven = -5.4267732519E+08
           Vrep =  5.4243522352E+08
           DelSqV =  2.3751097409E+10
           DelSqVen =  4.3032551752E+12
           DelSqVrep = -4.2795040778E+12
           DelSqG =  6.4000616069E+08
           DelSqK = -2.4391103569E+10
           Stress_EigVals = -8.0700883292E+04 -8.0700520138E+04 -8.0700270567E+04
           Stress_EigVec1 =  8.0817283985E-01  5.8894537689E-01  6.3032791142E-05
           Stress_EigVec2 = -5.8894537635E-01  8.0817284219E-01 -2.8708589487E-05
           Stress_EigVec3 = -6.7849181023E-05 -1.3921368608E-05  9.9999999760E-01
           -DivStress = -3.4119438914E+03  9.9912610239E+03 -1.7485011538E+00
           ESP =  -1.4735892818E+01     ESP at Nucleus =  -1.4735892825E+01
           ESPe = -3.1836710461E+01     ESPe at Nucleus = -3.1836711257E+01
           ESPn =  1.7100817643E+01     ESPn at Nucleus =  1.7100818432E+01

CP# 8      Coords =  4.29959151723291E+00 -1.45983140296709E+00  1.92214348663603E-04
           Type = (3,-3) NACP C8
           Rho =  1.2218110206E+02     Rho at Nucleus =  1.2218110103E+02
           GradRho =  9.5824792545E-11 -3.3032687696E-11  1.4721297098E-15
           HessRho_EigVals = -3.2297076055E+05 -3.2297071802E+05 -3.2296846364E+05
           HessRho_EigVec1 = -7.5281014289E-05 -3.4000366201E-03  9.9999421703E-01
           HessRho_EigVec2 =  2.7659051549E-03  9.9999039405E-01  3.4002318432E-03
           HessRho_EigVec3 =  9.9999617204E-01 -2.7661451327E-03  6.5876112329E-05
           DelSqRho = -9.6890994221E+05
           Bond Ellipticity = NA
           V = -2.4224461144E+05
           G =  8.5629457116E+00
           K =  2.4223604850E+05
           L =  2.4222748555E+05
           Vnuc =  2.3727621876E+06
           Ven = -2.8990669900E+08
           Vrep =  2.8966445439E+08
           DelSqV =  2.3765169295E+10
           DelSqVen =  2.2989928858E+12
           DelSqVrep = -2.2752277083E+12
           DelSqG =  6.4042181766E+08
           DelSqK = -2.4405591113E+10
           Stress_EigVals = -8.0748747769E+04 -8.0748061346E+04 -8.0747802329E+04
           Stress_EigVec1 =  9.9967533753E-01  2.5479685802E-02  7.1676666951E-05
           Stress_EigVec2 = -2.5479691917E-02  9.9967533627E-01  8.5730811599E-05
           Stress_EigVec3 = -6.9469001994E-05 -8.7529277413E-05  9.9999999376E-01
           -DivStress =  1.8996789668E+03 -1.9691981443E+04  4.9933007974E+00
           ESP =  -1.4683315995E+01     ESP at Nucleus =  -1.4683316018E+01
           ESPe = -2.8643088468E+01     ESPe at Nucleus = -2.8643085870E+01
           ESPn =  1.3959772473E+01     ESPn at Nucleus =  1.3959769852E+01

CP# 9      Coords = -3.64253202480413E+00  9.91992004300177E-01  1.44637684998778E-04
           Type = (3,-3) NACP N9
           Rho =  1.9868749490E+02     Rho at Nucleus =  1.9868747857E+02
           GradRho =  1.9748647162E-11 -3.1789904043E-11  5.0545505281E-16
           HessRho_EigVals = -7.3944293929E+05 -7.3944249065E+05 -7.3942930477E+05
           HessRho_EigVec1 = -4.1575986480E-02  9.9913532748E-01 -1.8635602917E-04
           HessRho_EigVec2 =  7.2538509563E-05  1.8953577180E-04  9.9999997941E-01
           HessRho_EigVec3 =  9.9913534223E-01  4.1575972106E-02 -8.0355924194E-05
           DelSqRho = -2.2183147347E+06
           Bond Ellipticity = NA
           V = -5.5463384258E+05
           G =  2.7579452780E+01
           K =  5.5460626313E+05
           L =  5.5457868368E+05
           Vnuc =  1.0535651111E+06
           Ven = -2.0933021264E+08
           Vrep =  2.0877557880E+08
           DelSqV =  7.8973812368E+10
           DelSqVen =  2.3371390116E+12
           DelSqVrep = -2.2581651992E+12
           DelSqG =  2.0644474108E+09
           DelSqK = -8.1038259778E+10
           Stress_EigVals = -1.8487973953E+05 -1.8487723944E+05 -1.8487686361E+05
           Stress_EigVec1 =  9.9767729896E-01  6.8117553512E-02 -7.7764922695E-05
           Stress_EigVec2 = -6.8117544954E-02  9.9767729674E-01  1.0786152882E-04
           Stress_EigVec3 =  8.4931561317E-05 -1.0231384312E-04  9.9999999116E-01
           -DivStress = -1.7258430358E+05  8.9887952704E+03  1.7375731505E+01
           ESP =  -1.8399004396E+01     ESP at Nucleus =  -1.8399004704E+01
           ESPe = -3.2322671376E+01     ESPe at Nucleus = -3.2322657814E+01
           ESPn =  1.3923666980E+01     ESPn at Nucleus =  1.3923653110E+01

CP# 10     Coords =  1.32759713470797E+00  1.45253395530427E+00 -1.69709884335991E-04
           Type = (3,-3) NACP C10
           Rho =  1.2216400053E+02     Rho at Nucleus =  1.2216399885E+02
           GradRho = -1.0480644130E-11 -3.4428432327E-11 -3.8352364362E-15
           HessRho_EigVals = -3.2292383302E+05 -3.2292340307E+05 -3.2292108285E+05
           HessRho_EigVec1 = -1.5811249963E-04  2.6038433444E-05  9.9999998716E-01
           HessRho_EigVec2 =  9.9051474185E-01 -1.3740640639E-01  1.6019061138E-04
           HessRho_EigVec3 =  1.3740640880E-01  9.9051475446E-01 -4.0657817998E-06
           DelSqRho = -9.6876831893E+05
           Bond Ellipticity = NA
           V = -2.4220947504E+05
           G =  8.6976541167E+00
           K =  2.4220077739E+05
           L =  2.4219207973E+05
           Vnuc =  1.8588481256E+06
           Ven = -2.2708432341E+08
           Vrep =  2.2684211393E+08
           DelSqV =  2.3761709214E+10
           DelSqVen =  1.8007931822E+12
           DelSqVrep = -1.7770314730E+12
           DelSqG =  6.4032346833E+08
           DelSqK = -2.4402032682E+10
           Stress_EigVals = -8.0737050127E+04 -8.0736407001E+04 -8.0736017913E+04
           Stress_EigVec1 =  2.3344709493E-02  9.9972747513E-01  2.2096671533E-06
           Stress_EigVec2 =  9.9972747343E-01 -2.3344709582E-02  5.8334896193E-05
           Stress_EigVec3 = -5.8370582521E-05 -8.4725375534E-07  9.9999999830E-01
           -DivStress = -2.2253038583E+04 -1.1932919605E+04  2.8653613094E+00
           ESP =  -1.4689030724E+01     ESP at Nucleus =  -1.4689030768E+01
           ESPe = -3.1553238302E+01     ESPe at Nucleus = -3.1553240776E+01
           ESPn =  1.6864207578E+01     ESPn at Nucleus =  1.6864210008E+01

CP# 11     Coords =  3.89355718083461E+00  1.10516806408511E+00 -9.64517693889973E-05
           Type = (3,-3) NACP N11
           Rho =  1.9825461813E+02     Rho at Nucleus =  1.9825461813E+02
           GradRho = -1.4333589871E-10 -4.6479042837E-11  4.7556359892E-15
           HessRho_EigVals = -7.3771093108E+05 -7.3771075922E+05 -7.3770272776E+05
           HessRho_EigVec1 =  9.2561580775E-01  3.7846447105E-01  1.4349213047E-04
           HessRho_EigVec2 = -3.7846446377E-01  9.2561581874E-01 -7.5914021113E-05
           HessRho_EigVec3 = -1.6154934567E-04  1.5960545761E-05  9.9999998682E-01
           DelSqRho = -2.2131244181E+06
           Bond Ellipticity = NA
           V = -5.5333863552E+05
           G =  2.8765505085E+01
           K =  5.5330987002E+05
           L =  5.5328110451E+05
           Vnuc =  2.7142239646E+08
           Ven = -5.3810743563E+10
           Vrep =  5.3810190224E+10
           DelSqV =  7.8789268779E+10
           DelSqVen =  6.0067694615E+14
           DelSqVrep = -6.0061533675E+14
           DelSqG =  2.0592683132E+09
           DelSqK = -8.0848537092E+10
           Stress_EigVals = -1.8444722537E+05 -1.8444574537E+05 -1.8444566478E+05
           Stress_EigVec1 = -1.7464608943E-04  1.8336426205E-05  9.9999998458E-01
           Stress_EigVec2 =  4.8160195898E-01  8.7639006640E-01  6.8040038069E-05
           Stress_EigVec3 =  8.7639005163E-01 -4.8160196344E-01  1.6188895669E-04
           -DivStress =  2.3552008640E+02 -6.2653746660E+02 -2.6344782199E+01
           ESP =  -1.8310887974E+01     ESP at Nucleus =  -1.8310887974E+01
           ESPe = -3.2215462446E+01     ESPe at Nucleus = -3.2215462454E+01
           ESPn =  1.3904574472E+01     ESPn at Nucleus =  1.3904574481E+01

CP# 12     Coords = -2.42880471693543E+00  3.22056262367418E+00  1.21539894728127E-04
           Type = (3,-3) NACP C12
           Rho =  1.2220568147E+02     Rho at Nucleus =  1.2220568113E+02
           GradRho =  3.2209365869E-09 -7.3529389244E-09 -1.5410544477E-12
           HessRho_EigVals = -3.2304637489E+05 -3.2304419656E+05 -3.2304309978E+05
           HessRho_EigVec1 =  8.7909710906E-05 -7.0039278710E-05  9.9999999368E-01
           HessRho_EigVec2 =  7.3207628721E-01  6.8122265774E-01 -1.6644271286E-05
           HessRho_EigVec3 = -6.8122265227E-01  7.3207628405E-01  1.1116018202E-04
           DelSqRho = -9.6913367123E+05
           Bond Ellipticity = NA
           V = -2.4230027199E+05
           G =  8.4270919809E+00
           K =  2.4229184490E+05
           L =  2.4228341781E+05
           Vnuc =  4.1527425143E+06
           Ven = -5.0748872893E+08
           Vrep =  5.0724642866E+08
           DelSqV =  2.3770655615E+10
           DelSqVen =  4.0245624832E+12
           DelSqVrep = -4.0007918276E+12
           DelSqG =  6.4058857425E+08
           DelSqK = -2.4411244190E+10
           Stress_EigVals = -8.0767208505E+04 -8.0766962109E+04 -8.0766101378E+04
           Stress_EigVec1 =  7.1669137900E-01 -6.9739045955E-01 -1.1911504374E-04
           Stress_EigVec2 =  6.9739046282E-01  7.1669138549E-01 -1.8360493701E-05
           Stress_EigVec3 =  9.8173158869E-05 -6.9910887931E-05  9.9999999274E-01
           -DivStress = -4.4824235169E+03  1.0377374146E+04  2.1776212607E+00
           ESP =  -1.4701399019E+01     ESP at Nucleus =  -1.4701399024E+01
           ESPe = -2.8993953383E+01     ESPe at Nucleus = -2.8993950545E+01
           ESPn =  1.4292554364E+01     ESPn at Nucleus =  1.4292551521E+01

CP# 13     Coords =  5.17558541665688E+00  2.45854792290804E+00  2.09476561030556E-04
           Type = (3,-3) NACP H13
           Rho =  4.2065082928E-01     Rho at Nucleus =  4.1482125451E-01
           GradRho = -1.9662318648E-12 -2.1226256430E-12 -4.6736736931E-16
           HessRho_EigVals = -8.4956086499E+00 -8.4754397442E+00 -7.3032914825E+00
           HessRho_EigVec1 =  7.3122870293E-01 -6.8213237332E-01  9.6311391532E-05
           HessRho_EigVec2 = -1.8123676476E-04 -5.3089599644E-05  9.9999998217E-01
           HessRho_EigVec3 =  6.8213235604E-01  7.3122870735E-01  1.6244810356E-04
           DelSqRho = -2.4274339877E+01
           Bond Ellipticity = NA
           V = -6.0970613841E+00
           G =  1.4238207466E-02
           K =  6.0828231766E+00
           L =  6.0685849692E+00
           Vnuc =  3.9504967491E+01
           Ven = -1.6617797336E+01
           Vrep =  1.0520735952E+01
           DelSqV =  1.5478968572E+03
           DelSqVen =  9.5895700770E+02
           DelSqVrep =  5.8893984946E+02
           DelSqG =  1.1787221197E+02
           DelSqK = -1.6657690691E+03
           Stress_EigVals = -2.1354958050E+00 -2.1319535330E+00 -1.8296120461E+00
           Stress_EigVec1 = -1.8163792240E-04 -5.0135824704E-05  9.9999998225E-01
           Stress_EigVec2 =  7.3169213754E-01 -6.8163524419E-01  9.8728696336E-05
           Stress_EigVec3 =  6.8163522714E-01  7.3169214248E-01  1.6049479833E-04
           -DivStress =  1.3575836663E+01  1.4673726402E+01  3.2119247030E-03
           ESP =  -9.6490978477E-01     ESP at Nucleus =  -9.6754149668E-01
           ESPe = -1.4677434712E+01     ESPe at Nucleus = -1.4547918651E+01
           ESPn =  1.3712524928E+01     ESPn at Nucleus =  1.3580377154E+01

CP# 14     Coords =  3.48073683138969E-02  3.62247904021152E+00 -7.73303859621671E-05
           Type = (3,-3) NACP N14
           Rho =  1.9873909517E+02     Rho at Nucleus =  1.9873907756E+02
           GradRho = -3.7886360715E-13 -7.5159878321E-11  2.4654757402E-16
           HessRho_EigVals = -7.3964880125E+05 -7.3964856299E+05 -7.3963567821E+05
           HessRho_EigVec1 =  2.1691409579E-04 -1.1744109751E-04  9.9999996958E-01
           HessRho_EigVec2 =  8.9652429789E-01 -4.4299449492E-01 -2.4649452460E-04
           HessRho_EigVec3 =  4.4299451039E-01  8.9652432409E-01  9.1970471841E-06
           DelSqRho = -2.2189330425E+06
           Bond Ellipticity = NA
           V = -5.5478826037E+05
           G =  2.7499880189E+01
           K =  5.5476076049E+05
           L =  5.5473326061E+05
           Vnuc =  1.0142389204E+06
           Ven = -2.0156892534E+08
           Vrep =  2.0101413708E+08
           DelSqV =  7.8995809322E+10
           DelSqVen =  2.2505282519E+12
           DelSqVrep = -2.1715324436E+12
           DelSqG =  2.0650640278E+09
           DelSqK = -8.1060873350E+10
           Stress_EigVals = -1.8493116283E+05 -1.8492880129E+05 -1.8492829626E+05
           Stress_EigVec1 =  4.8465174819E-01  8.7470719842E-01  2.3999729454E-06
           Stress_EigVec2 =  8.7470719508E-01 -4.8465174610E-01 -8.8778918685E-05
           Stress_EigVec3 =  7.6492408163E-05 -4.5126131747E-05  9.9999999606E-01
           -DivStress =  5.3387780674E+04  1.7144964080E+05  4.6929629397E+00
           ESP =  -1.8392303858E+01     ESP at Nucleus =  -1.8392304186E+01
           ESPe = -3.2282910187E+01     ESPe at Nucleus = -3.2282895135E+01
           ESPn =  1.3890606328E+01     ESPn at Nucleus =  1.3890590948E+01

CP# 15     Coords = -3.63262023833850E+00  4.84458740797064E+00  4.39607376229230E-04
           Type = (3,-3) NACP H15
           Rho =  4.4770374887E-01     Rho at Nucleus =  4.4408506452E-01
           GradRho =  1.9845236565E-15  2.4097477486E-15 -3.3881317890E-20
           HessRho_EigVals = -9.1820247168E+00 -9.1675374465E+00 -8.4027013297E+00
           HessRho_EigVec1 =  8.0176810860E-01  5.9763525414E-01 -5.5112363425E-05
           HessRho_EigVec2 =  1.4256756797E-04 -9.9046644786E-05  9.9999998493E-01
           HessRho_EigVec3 = -5.9763523967E-01  8.0176810438E-01  1.6461584577E-04
           DelSqRho = -2.6752263493E+01
           Bond Ellipticity = NA
           V = -6.6977455879E+00
           G =  4.8398573327E-03
           K =  6.6929057306E+00
           L =  6.6880658733E+00
           Vnuc =  4.7453714998E+01
           Ven = -2.1245206103E+01
           Vrep =  1.4547460515E+01
           DelSqV =  1.7402305393E+03
           DelSqVen =  1.2694942874E+03
           DelSqVrep =  4.7073625192E+02
           DelSqG =  1.3364610860E+02
           DelSqK = -1.8738766479E+03
           Stress_EigVals = -2.2984113458E+00 -2.2966365475E+00 -2.1026976946E+00
           Stress_EigVec1 =  8.0159319490E-01  5.9786984314E-01 -2.3292769877E-05
           Stress_EigVec2 =  1.1739377057E-04 -1.1843594199E-04  9.9999998610E-01
           Stress_EigVec3 = -5.9786983207E-01  8.0159318649E-01  1.6512364033E-04
           -DivStress = -9.7895704303E+00  1.3088711002E+01  2.7162573469E-03
           ESP =  -1.1068453415E+00     ESP at Nucleus =  -1.1082588024E+00
           ESPe = -1.3942100404E+01     ESPe at Nucleus = -1.3857907873E+01
           ESPn =  1.2835255062E+01     ESPn at Nucleus =  1.2749649070E+01

CP# 16     Coords = -9.51557831272343E-01 -1.11366741879395E+00 -1.23067924773137E-04
           Type = (3,-1) BCP C7 C5
           Rho =  3.0572020485E-01
           GradRho = -1.9602375279E-16  7.7195194681E-17 -6.7762635780E-20
           HessRho_EigVals = -6.5463095478E-01 -5.4920538907E-01  3.2859899303E-01
           HessRho_EigVec1 = -6.6906900780E-02  9.9775922265E-01  1.5413406237E-05
           HessRho_EigVec2 =  5.8379363734E-05 -1.1533267397E-05  9.9999999823E-01
           HessRho_EigVec3 =  9.9775922106E-01  6.6906901561E-02 -5.7476893401E-05
           DelSqRho = -8.7523735082E-01
           Bond Ellipticity =  1.9196018065E-01
           V = -3.9826648509E-01
           G =  8.9728573694E-02
           K =  3.0853791140E-01
           L =  2.1880933770E-01
           Vnuc =  2.2891841230E+01
           Ven = -6.9984983903E+00
           Vrep =  6.6002319053E+00
           DelSqV = -1.5542270479E+00
           DelSqVen =  2.0035794474E+01
           DelSqVrep = -2.1590021522E+01
           DelSqG =  1.3861290217E+00
           DelSqK =  1.6809802625E-01
           Stress_EigVals = -2.4105122202E-01 -2.2628099984E-01  6.9065736760E-02
           Stress_EigVec1 =  4.7614989869E-05  3.1556471745E-05  9.9999999837E-01
           Stress_EigVec2 = -6.6700122407E-02  9.9777306682E-01 -2.8310271985E-05
           Stress_EigVec3 =  9.9777306608E-01  6.6700120950E-02 -4.9613774997E-05
           -DivStress =  6.2602259478E-02  2.7672928203E-02  2.5367919277E-06
           ESP =   8.9525930417E-01
           ESPe = -2.1996581926E+01
           ESPn =  2.2891841230E+01
           BPL =  2.6633839377E+00 =  1.2961982292E+00 +  1.3671857085E+00                
           GBL_I =  2.6610195648E+00                                                      
           GBL_II =  2.6610176064E+00                                                     
           GBL_III =  2.6624746339E+00 =  1.2955077718E+00 +  1.3669668621E+00            
           GBL_IV =  2.6624727465E+00 =  1.2955074753E+00 +  1.3669652712E+00             

