AIMSum (Version 16.05.18, Professional)
Copyright (c) 1997-2016 by Todd A. Keith
AIMSum is a component of the AIMAll package ( http://aim.tkgristmill.com )

TP:  64-bit Linux

Licensed To:  Masaryk University, CEITEC MU (LR:  Prof. Jaroslav Koca)

Much of the Quantum Theory of Atoms in Molecules (QTAIM) is described in the book:
  "Atoms in Molecules - A Quantum Theory"
  R.F.W. Bader, Oxford University Press, Oxford, 1990

For additional references see:  http://aim.tkgristmill.com/references.html

Wfx File:  /scratch/joseph/job_3459478.arien-pro.ics.muni.cz/main/a.wfx
Sum File:  /scratch/joseph/job_3459478.arien-pro.ics.muni.cz/main/a.sum

SumViz File:  /scratch/joseph/job_3459478.arien-pro.ics.muni.cz/main/a.sumviz

Wfx Title:  Title                                                                          
 
Total memory allocated for AIMSum =        0.800 Megabytes

Atomic units (a.u.) used throughout, except where stated otherwise

Model:  Restricted M062X
 
Restricted, closed-shell, single-determinant wavefunction.
  Number of electrons (from MO Occs)                   =          70.0000000000
  Number of Alpha electrons (from MO Occs)             =          35.0000000000
  Number of Beta electrons (from MO Occs)              =          35.0000000000
  Number of electron pairs (N*(N-1)/2)                 =        2415.0000000000
  Number of electron pairs (from Muller 2EDM)          =        2415.0000000000
 
Nuclear Charges and Cartesian Coordinates:
-------------------------------------------------------------------------------
Atom      Charge                X                  Y                  Z
-------------------------------------------------------------------------------
H1         1.0          -3.6480218100E+00   4.8498876300E+00   1.8897261300E-05
N2         7.0          -3.6663521600E+00   9.7396484900E-01   3.7794522700E-05
N3         7.0          -3.5027018700E+00  -3.3951764600E+00  -3.9684248800E-04
H4         1.0          -5.4015175900E+00  -3.4301741800E+00   1.3417055500E-03
C5         6.0          -2.4477622600E+00   3.1900088900E+00   7.5589045300E-05
C6         6.0          -2.3084894400E+00  -1.1495393000E+00  -7.5589045300E-05
N7         7.0           2.0201172400E-02   3.6141390200E+00  -1.8897261300E-05
H8         1.0          -2.5020163000E+00  -5.0088514000E+00   1.2850137700E-03
C9         6.0           3.4067982700E-01  -9.7046885600E-01  -7.5589045300E-05
C10        6.0           1.3276082000E+00   1.4599646200E+00  -3.7794522700E-05
N11        7.0           2.2310106700E+00  -2.7650472800E+00   9.4486306600E-05
N12        7.0           3.8966341800E+00   1.1172438800E+00   3.7794522700E-05
C13        6.0           4.3055142300E+00  -1.4469822000E+00  -5.6691784000E-05
H14        1.0           5.2043057700E+00   2.4995407600E+00   2.0786987500E-04
H15        1.0           6.1903837600E+00  -2.2239808900E+00  -3.7794522700E-05
 
Some Atomic Properties:
----------------------
  q(A) = Net Charge of Atom A
  L(A) = Lagrangian of Atom A = -(1/4) Times Atomic Integral of the Laplacian of the Electron Density
  K(A) = Electronic Kinetic Energy of Atom A (Hamiltonian Form)
  K_Scaled(A) = K(A) * E(Mol)/K(Mol) = Approximation to Virial-Based Total Energy of Atom A.
  |Mu_Intra(A)| = Magnitude of Intraatomic Dipole Moment of Atom A
--------------------------------------------------------------------------------------------------
Atom A          q(A)              L(A)              K(A)          K_Scaled(A)      |Mu_Intra(A)|
--------------------------------------------------------------------------------------------------
H1        4.8207851030E-02  2.1973598636E-05  6.1037220257E-01 -6.1302963219E-01  1.2936093361E-01
N2       -1.1871178458E+00  1.3481196881E-05  5.5105666029E+01 -5.5345584277E+01  1.7568360523E-01
N3       -1.1973877009E+00  3.8911465309E-05  5.5107450626E+01 -5.5347376644E+01  5.2609050117E-02
H4        4.3403725567E-01  2.5366512519E-05  4.4207810291E-01 -4.4400281613E-01  1.6422637054E-01
C5        1.0991162838E+00  2.3577977027E-04  3.7255835192E+01 -3.7418039106E+01  5.7065766388E-01
C6        1.0437782884E+00  5.2088947061E-04  3.7340182094E+01 -3.7502753236E+01  5.9509319554E-01
N7       -1.1804964228E+00  5.7048968672E-05  5.5104971270E+01 -5.5344886492E+01  1.6744660198E-01
H8        4.3738238943E-01  2.9790838926E-05  4.4148087334E-01 -4.4340298635E-01  1.6036374312E-01
C9        3.8940774010E-01 -2.4890667030E-04  3.7788907632E+01 -3.7953432428E+01  4.1169855456E-01
C10       9.1336455630E-01  1.1318267882E-04  3.7473939223E+01 -3.7637092715E+01  5.5495573645E-01
N11      -1.1405451724E+00 -1.0873839079E-05  5.5058636030E+01 -5.5298349519E+01  2.2745374483E-01
N12      -1.2206507464E+00  1.6398758689E-04  5.5224493181E+01 -5.5464928777E+01  3.8754101043E-02
C13       1.0370599352E+00 -1.6546220092E-04  3.7289566423E+01 -3.7451917195E+01  7.0340361387E-01
H14       4.4960864063E-01  1.7635057412E-05  4.3385000768E-01 -4.3573889753E-01  1.5674501986E-01
H15       7.4882792770E-02  1.5428729706E-05  5.9199982660E-01 -5.9457726683E-01  1.2365269743E-01
--------------------------------------------------------------------------------------------------
Total     6.4784503000E-04  8.2823316435E-04  4.6526942871E+02 -4.6729511199E+02
 
Molecular charge q(Mol) from the wfx file:   0.0000000000E+00
Molecular energy E(Mol) from the wfx file:  -4.6729490498E+02
Molecular virial ratio (-V(Mol)/T(Mol)) from the wfx file:   2.0043537855E+00
Note.  K_Scaled(A) = (1+V(Mol)/T(Mol))*K(A) = (E(Mol)/T(Mol))*K(A)
       Only use K_Scaled(A) data with caution.
 
N_AIMInt(SumA)     =         69.999352
N_Analytic(Mol)    =         70.000000
 
G_AIMInt(SumA)     =        465.268600
G_Analytic(Mol)    =        465.269223
 
K_AIMInt(SumA)     =        465.269429
K_Analytic(Mol)    =        465.269223
 
L_AIMInt(SumA)     =          0.000828
L_Analytic(Mol)    =          0.000000
 
VenT_AIMInt(SumA)  =      -2098.459607
VenT_Analytic(Mol) =      -2098.468114
 
Some Information About the Atomic Calculations:
----------------------------------------------
  Time(sec) = "Elapsed User Time", in Seconds, for Atom A by AIMInt and, if used, by TWOe
  NProc = Number of Processors Used for AIMInt Job
  BIM = Basin Integration Method
  OAQ = Angular Quadrature Outside of Beta Sphere
  ORQ = Multiple of Default for Radial Quadrature Outside of Beta Sphere
  IAQ = Multiple of Default for Angular Quadrature Inside of Beta Sphere
  IRQ = Multiple of Default for Radial Quadrature Inside of Beta Sphere
  MIR = Maximum Integration Radius
------------------------------------------------------------------------------------------------------
Atom A     Time(sec)   NProc      BIM              OAQ                 ORQ      IAQ      IRQ      MIR
------------------------------------------------------------------------------------------------------
H1            266        8     Proaim(5)    2030      (Very High)      Auto     Auto     Auto    13.00
N2           1059        8     Proaim(5)    4334      (Very High)      Auto     Auto     Auto    13.00
N3           1224        8     Proaim(5)    4334      (Very High)      Auto     Auto     Auto    13.00
H4            198        8     Proaim(5)    2030      (Very High)      Auto     Auto     Auto    13.00
C5            890        8     Proaim(5)    4334      (Very High)      Auto     Auto     Auto    13.00
C6            797        8     Proaim(5)    4334      (Very High)      Auto     Auto     Auto    13.00
N7           1145        8     Proaim(5)    4334      (Very High)      Auto     Auto     Auto    13.00
H8            222        8     Proaim(5)    2030      (Very High)      Auto     Auto     Auto    13.00
C9            842        8     Proaim(5)    4334      (Very High)      Auto     Auto     Auto    13.00
C10           881        8     Proaim(5)    4334      (Very High)      Auto     Auto     Auto    13.00
N11          1469        8     Proaim(5)    4334      (Very High)      Auto     Auto     Auto    13.00
N12          1147        8     Proaim(5)    4334      (Very High)      Auto     Auto     Auto    13.00
C13           867        8     Proaim(5)    4334      (Very High)      Auto     Auto     Auto    13.00
H14           205        8     Proaim(5)    2030      (Very High)      Auto     Auto     Auto    13.00
H15           296        8     Proaim(5)    2030      (Very High)      Auto     Auto     Auto    13.00
------------------------------------------------------------------------------------------------------
Total       11508
Note:  Total wall clock time is less than total of atomic times if more than one atom
       was calculated at a time
Note:  Total time does not include times for diatomic interaction energy calculations (9829 seconds)
 
Electron Density Critical Point Analysis of Molecular Structure:               
---------------------------------------------------------------                
  NACP = Nuclear Attractor Critical Point                                      
  NNACP = Non-Nuclear Attractor Critical Point                                 
  BCP = Bond Critical Point                                                    
  RCP = Ring Critical Point                                                    
  CCP = Cage Critical Point                                                    
  Rho = Electron Density                                                       
  GradRho = Gradient of Electron Density                                       
  HessRho_EigVals = Eigenvalues of the Hessian of Rho, Ascending Order         
  HessRho_EigVecs = Eigenvectors of the Hessian of Rho                         
  DelSqRho = Laplacian of Rho = Trace of Hessian of Rho                        
  Bond Ellipticity = (HessRho_EigVal(1) / HessRho_EigVal(2)) - 1               
  V = Virial Field = Potential Energy Density = Trace of Stress Tensor         
  G = Lagrangian Form of Kinetic Energy Density                                
  K = Hamiltonian Form of Kinetic Energy Density                               
  L = K - G = Lagrangian Density = (-1/4)DelSqRho                              
  Vnuc = Electrostatic Potential from Nuclei                                   
  Ven = Electron-nuclear attractive contribution to Virial Field V             
  Vrep = V - Ven = Repulsive contribution to Virial Field V                    
  DelSqV = Laplacian of V                                                      
  DelSqVen = Laplacian of Ven                                                  
  DelSqVrep = Laplacian of Vrep                                                
  DelSqG = Laplacian of G                                                      
  DelSqK = Laplacian of K                                                      
  Stress_EigVals = Eigenvalues of Stress Tensor, Ascending Order               
  Stress_EigVecs = Eigenvectors of Stress Tensor                               
  -DivStress = Ehrenfest Force Density = Minus Divergence of Stress Tensor     
  ESP = Total Electrostatic Potential                                          
  ESPe = Electrostatic Potential from Electrons                                
  ESPn = Electrostatic Potential from Nuclei                                   
  BP = Bond Path                                                               
  BPL = Bond Path Length                                                       
  GBL = Geometric Bond Length                                                  
  GBL_I = Distance Between Nuclear Attractors                                  
  GBL_II = Distance Between Nuclei                                             
  GBL_III = Sum of Distances Between BCP and Nuclear Attractors                
  GBL_IV = Sum of Distances Between BCP and Nuclei                             

CP# 1      Coords = -3.63109295755954E+00  4.82647585840051E+00  2.00154951237344E-05
           Type = (3,-3) NACP H1
           Rho =  4.4890571221E-01     Rho at Nucleus =  4.4527684153E-01
           GradRho = -1.7433970934E-15 -4.4061976290E-16  2.3716922523E-20
           HessRho_EigVals = -9.2055389752E+00 -9.1908461827E+00 -8.4234546055E+00
           HessRho_EigVec1 =  8.1055914832E-01  5.8565678244E-01 -1.6076635496E-05
           HessRho_EigVec2 = -8.2182782167E-06  3.8824848883E-05  9.9999999921E-01
           HessRho_EigVec3 = -5.8565678260E-01  8.1055914755E-01 -3.6282926821E-05
           DelSqRho = -2.6819839763E+01
           Bond Ellipticity = NA
           V = -6.7147359883E+00
           G =  4.8880237103E-03
           K =  6.7098479646E+00
           L =  6.7049599409E+00
           Vnuc =  4.7475300350E+01
           Ven = -2.1311933516E+01
           Vrep =  1.4597197528E+01
           DelSqV =  1.7445583249E+03
           DelSqVen =  1.2732799481E+03
           DelSqVrep =  4.7127837680E+02
           DelSqG =  1.3396466247E+02
           DelSqK = -1.8785229874E+03
           Stress_EigVals = -2.3043322750E+00 -2.3024922089E+00 -2.1079115044E+00
           Stress_EigVec1 =  8.1057494869E-01  5.8563491392E-01  1.2048986704E-05
           Stress_EigVec2 = -3.1233021879E-05  2.2655272248E-05  9.9999999926E-01
           Stress_EigVec3 = -5.8563491321E-01  8.1057494847E-01 -3.6654944219E-05
           -DivStress = -9.6024609525E+00  1.3279905211E+01 -6.3460224898E-04
           ESP =  -1.1076928158E+00     ESP at Nucleus =  -1.1091396795E+00
           ESPe = -1.3970287538E+01     ESPe at Nucleus = -1.3885856085E+01
           ESPn =  1.2862594722E+01     ESPn at Nucleus =  1.2776716406E+01

CP# 2      Coords = -3.66634547169509E+00  9.73964594415370E-01  3.77944327064175E-05
           Type = (3,-3) NACP N2
           Rho =  1.9870359760E+02     Rho at Nucleus =  1.9870358104E+02
           GradRho =  3.1317171079E-11  9.5778940334E-12  9.5225476809E-16
           HessRho_EigVals = -7.3950505981E+05 -7.3950489283E+05 -7.3949183509E+05
           HessRho_EigVec1 = -4.6869824910E-02  9.9889906034E-01  1.9714856291E-03
           HessRho_EigVec2 =  1.1015170680E-04 -1.9684861907E-03  9.9999805646E-01
           HessRho_EigVec3 =  9.9890099979E-01  4.6869950979E-02 -1.7767833326E-05
           DelSqRho = -2.2185017877E+06
           Bond Ellipticity = NA
           V = -5.5468065948E+05
           G =  2.7606273620E+01
           K =  5.5465305320E+05
           L =  5.5462544693E+05
           Vnuc =  1.0458595541E+06
           Ven = -2.0781605599E+08
           Vrep =  2.0726137533E+08
           DelSqV =  7.8980469529E+10
           DelSqVen =  2.3202412974E+12
           DelSqVrep = -2.2412608258E+12
           DelSqG =  2.0646289880E+09
           DelSqK = -8.1045098517E+10
           Stress_EigVals = -1.8489529938E+05 -1.8489290272E+05 -1.8489245738E+05
           Stress_EigVec1 =  9.9740400383E-01  7.2008698715E-02 -2.1131631903E-05
           Stress_EigVec2 = -7.2008700971E-02  9.9740399413E-01 -1.3954488723E-04
           Stress_EigVec3 =  1.1028328321E-05  1.4070429060E-04  9.9999999004E-01
           -DivStress = -1.7398021111E+05  6.6195786023E+03  2.3411261541E+00
           ESP =  -1.8397221386E+01     ESP at Nucleus =  -1.8397221697E+01
           ESPe = -3.2326829997E+01     ESPe at Nucleus = -3.2326816193E+01
           ESPn =  1.3929608611E+01     ESPn at Nucleus =  1.3929594496E+01

CP# 3      Coords = -3.50270164264606E+00 -3.39517630127728E+00 -3.96832791979672E-04
           Type = (3,-3) NACP N3
           Rho =  1.9810323274E+02     Rho at Nucleus =  1.9810323271E+02
           GradRho =  9.3901109111E-11  6.4820232515E-11  6.5813266295E-12
           HessRho_EigVals = -7.3710761844E+05 -7.3710669429E+05 -7.3709456957E+05
           HessRho_EigVec1 =  6.2226189982E-01  7.8280893201E-01 -5.5135229503E-04
           HessRho_EigVec2 =  7.8280908351E-01 -6.2226194411E-01  1.0810150656E-04
           HessRho_EigVec3 =  2.5846272609E-04  4.9887103361E-04  9.9999984216E-01
           DelSqRho = -2.2113088823E+06
           Bond Ellipticity = NA
           V = -5.5288560920E+05
           G =  2.9194314357E+01
           K =  5.5285641489E+05
           L =  5.5282722057E+05
           Vnuc =  2.5230073839E+07
           Ven = -4.9981591896E+09
           Vrep =  4.9976063040E+09
           DelSqV =  7.8724690714E+10
           DelSqVen =  5.5791482569E+13
           DelSqVrep = -5.5712766267E+13
           DelSqG =  2.0574589884E+09
           DelSqK = -8.0782149702E+10
           Stress_EigVals = -1.8429694993E+05 -1.8429442440E+05 -1.8429423488E+05
           Stress_EigVec1 =  2.4226867258E-04  4.9623893353E-04  9.9999984753E-01
           Stress_EigVec2 =  7.3229591501E-01 -6.8098653958E-01  1.6051969936E-04
           Stress_EigVec3 =  6.8098651540E-01  7.3229576447E-01 -5.2837544888E-04
           -DivStress = -5.8948043847E+03 -4.1169380387E+03 -2.5140812137E+02
           ESP =  -1.8353808115E+01     ESP at Nucleus =  -1.8353808115E+01
           ESPe = -3.0441035985E+01     ESPe at Nucleus = -3.0441035492E+01
           ESPn =  1.2087227870E+01     ESPn at Nucleus =  1.2087227376E+01

CP# 4      Coords = -5.36323970834304E+00 -3.42983247638255E+00  1.30944563944904E-03
           Type = (3,-3) NACP H4
           Rho =  4.2396252013E-01     Rho at Nucleus =  4.1822513527E-01
           GradRho =  2.6643791340E-13  3.6654707047E-15 -2.2742834634E-16
           HessRho_EigVals = -8.5706653865E+00 -8.5440211199E+00 -7.3852025145E+00
           HessRho_EigVec1 = -1.3887339414E-02  9.9990348517E-01 -4.0267740500E-04
           HessRho_EigVec2 =  8.6245621632E-04  4.1469446698E-04  9.9999954210E-01
           HessRho_EigVec3 =  9.9990319430E-01  1.3886985764E-02 -8.6813197932E-04
           DelSqRho = -2.4499889021E+01
           Bond Ellipticity = NA
           V = -6.1559405308E+00
           G =  1.5484137816E-02
           K =  6.1404563930E+00
           L =  6.1249722552E+00
           Vnuc =  3.9049189390E+01
           Ven = -1.6555392743E+01
           Vrep =  1.0399452212E+01
           DelSqV =  1.5647137193E+03
           DelSqVen =  9.5670080642E+02
           DelSqVrep =  6.0801291288E+02
           DelSqG =  1.1916639565E+02
           DelSqK = -1.6838801150E+03
           Stress_EigVals = -2.1553190989E+00 -2.1504332654E+00 -1.8501881665E+00
           Stress_EigVec1 =  8.4320723161E-04  5.0104282597E-04  9.9999951898E-01
           Stress_EigVec2 = -1.3773609879E-02  9.9990501958E-01 -4.8938146466E-04
           Stress_EigVec3 =  9.9990478380E-01  1.3773190603E-02 -8.5002831185E-04
           -DivStress = -1.9925157577E+01 -1.8118764968E-01  1.6770257749E-02
           ESP =  -1.0042681225E+00     ESP at Nucleus =  -1.0068657252E+00
           ESPe = -1.3929759987E+01     ESPe at Nucleus = -1.3814476091E+01
           ESPn =  1.2925491865E+01     ESPn at Nucleus =  1.2807610366E+01

CP# 5      Coords = -2.44776160814638E+00  3.19000763800188E+00  7.55889644542435E-05
           Type = (3,-3) NACP C5
           Rho =  1.2220707999E+02     Rho at Nucleus =  1.2220707966E+02
           GradRho =  3.4066888893E-09 -6.6175620539E-09 -4.2708854031E-13
           HessRho_EigVals = -3.2305014586E+05 -3.2304793437E+05 -3.2304683574E+05
           HessRho_EigVec1 = -1.7966697191E-06 -1.6337618699E-05  9.9999999986E-01
           HessRho_EigVec2 =  7.6446702530E-01  6.4466283210E-01  1.1905750298E-05
           HessRho_EigVec3 = -6.4466283221E-01  7.6446702522E-01  1.1331324578E-05
           DelSqRho = -9.6914491597E+05
           Bond Ellipticity = NA
           V = -2.4230309922E+05
           G =  8.4351147346E+00
           K =  2.4229466411E+05
           L =  2.4228622899E+05
           Vnuc =  4.2507257975E+06
           Ven = -5.1946878754E+08
           Vrep =  5.1922648444E+08
           DelSqV =  2.3770931850E+10
           DelSqVen =  4.1195693015E+12
           DelSqVrep = -4.0957983369E+12
           DelSqG =  6.4059618095E+08
           DelSqK = -2.4411528031E+10
           Stress_EigVals = -8.0768148727E+04 -8.0767912664E+04 -8.0767037831E+04
           Stress_EigVec1 = -6.6363450441E-01  7.4805697944E-01  8.4102024543E-06
           Stress_EigVec2 =  7.4805697948E-01  6.6363450441E-01  3.2087739811E-06
           Stress_EigVec3 =  3.1809547658E-06 -8.4207637754E-06  9.9999999996E-01
           -DivStress = -5.0992532025E+03  9.7954027141E+03  6.3301163367E-01
           ESP =  -1.4700837099E+01     ESP at Nucleus =  -1.4700837106E+01
           ESPe = -2.9020246727E+01     ESPe at Nucleus = -2.9020243924E+01
           ESPn =  1.4319409628E+01     ESPn at Nucleus =  1.4319406818E+01

CP# 6      Coords = -2.30849100174363E+00 -1.14954044215486E+00 -7.55900745478023E-05
           Type = (3,-3) NACP C6
           Rho =  1.2217244372E+02     Rho at Nucleus =  1.2217244311E+02
           GradRho =  6.2921001742E-11 -1.9068718826E-11 -1.3752562457E-15
           HessRho_EigVals = -3.2294792900E+05 -3.2294557132E+05 -3.2294421966E+05
           HessRho_EigVec1 =  1.0049318344E-04  1.9352827587E-04  9.9999997622E-01
           HessRho_EigVec2 =  2.8137799844E-01  9.5959698635E-01 -2.1398572620E-04
           HessRho_EigVec3 =  9.5959700494E-01 -2.8137801326E-01 -4.1978357073E-05
           DelSqRho = -9.6883771998E+05
           Bond Ellipticity = NA
           V = -2.4222645891E+05
           G =  8.5144559871E+00
           K =  2.4221794445E+05
           L =  2.4220942999E+05
           Vnuc =  3.1010659533E+06
           Ven = -3.7886480564E+08
           Vrep =  3.7862257918E+08
           DelSqV =  2.3763394708E+10
           DelSqVen =  3.0044296806E+12
           DelSqVrep = -2.9806662859E+12
           DelSqG =  6.4036977826E+08
           DelSqK = -2.4403764487E+10
           Stress_EigVals = -8.0742676471E+04 -8.0742349719E+04 -8.0741432716E+04
           Stress_EigVec1 =  9.4559076721E-01 -3.2535841743E-01 -3.4240474175E-05
           Stress_EigVec2 =  3.2535840979E-01  9.4559075990E-01 -1.4128489616E-04
           Stress_EigVec3 =  7.8345706216E-05  1.2245726713E-04  9.9999998943E-01
           -DivStress =  1.2218267982E+04  8.9371619038E+03  8.0497174953E+00
           ESP =  -1.4671049702E+01     ESP at Nucleus =  -1.4671049720E+01
           ESPe = -3.0839602602E+01     ESPe at Nucleus = -3.0839604301E+01
           ESPn =  1.6168552900E+01     ESPn at Nucleus =  1.6168554580E+01

CP# 7      Coords =  2.01991662724507E-02  3.61413238195857E+00 -1.88970995156432E-05
           Type = (3,-3) NACP N7
           Rho =  1.9874529612E+02     Rho at Nucleus =  1.9874527834E+02
           GradRho =  9.1449070538E-13 -9.8030472628E-11  2.2643562372E-16
           HessRho_EigVals = -7.3967350678E+05 -7.3967323385E+05 -7.3966042062E+05
           HessRho_EigVec1 = -6.8224772073E-04  3.1107547392E-04  9.9999971889E-01
           HessRho_EigVec2 =  9.0608376448E-01 -4.2309768323E-01  7.4978910621E-04
           HessRho_EigVec3 =  4.2309779753E-01  9.0608402131E-01  6.7969935770E-06
           DelSqRho = -2.2190071612E+06
           Bond Ellipticity = NA
           V = -5.5480675178E+05
           G =  2.7480735412E+01
           K =  5.5477927105E+05
           L =  5.5475179031E+05
           Vnuc =  1.0094504861E+06
           Ven = -2.0062353577E+08
           Vrep =  2.0006872902E+08
           DelSqV =  7.8998444407E+10
           DelSqVen =  2.2399778555E+12
           DelSqVrep = -2.1609794111E+12
           DelSqG =  2.0651377146E+09
           DelSqK = -8.1063582122E+10
           Stress_EigVals = -1.8493731127E+05 -1.8493497761E+05 -1.8493446291E+05
           Stress_EigVec1 =  4.6087680421E-01  8.8746412390E-01  1.1523186870E-05
           Stress_EigVec2 =  8.8746412142E-01 -4.6087680383E-01  6.9942634026E-05
           Stress_EigVec3 = -6.7382347964E-05  2.2008522736E-05  9.9999999749E-01
           -DivStress =  5.2201255774E+04  1.7271082368E+05 -4.2095008183E+00
           ESP =  -1.8391428181E+01     ESP at Nucleus =  -1.8391428511E+01
           ESPe = -3.2289835496E+01     ESPe at Nucleus = -3.2289820348E+01
           ESPn =  1.3898407315E+01     ESPn at Nucleus =  1.3898391837E+01

CP# 8      Coords = -2.52240595654185E+00 -4.97619114855953E+00  1.25385746303112E-03
           Type = (3,-3) NACP H8
           Rho =  4.2422600093E-01     Rho at Nucleus =  4.1842337189E-01
           GradRho = -1.1379786002E-15  2.2980749248E-15  4.6078592331E-19
           HessRho_EigVals = -8.5707974252E+00 -8.5438519277E+00 -7.3777874485E+00
           HessRho_EigVec1 =  8.4968601202E-01  5.2728881844E-01 -4.2769949288E-04
           HessRho_EigVec2 = -7.8000142894E-05  9.3682042360E-04  9.9999955814E-01
           HessRho_EigVec3 = -5.2728898613E-01  8.4968560322E-01 -8.3713181289E-04
           DelSqRho = -2.4492436801E+01
           Bond Ellipticity = NA
           V = -6.1542461048E+00
           G =  1.5568452202E-02
           K =  6.1386776526E+00
           L =  6.1231092004E+00
           Vnuc =  3.9507145516E+01
           Ven = -1.6759958350E+01
           Vrep =  1.0605712245E+01
           DelSqV =  1.5632611875E+03
           DelSqVen =  9.6762626475E+02
           DelSqVrep =  5.9563492271E+02
           DelSqG =  1.1902674349E+02
           DelSqK = -1.6822879309E+03
           Stress_EigVals = -2.1556014501E+00 -2.1505775835E+00 -1.8480670712E+00
           Stress_EigVec1 =  2.7818130865E-06  9.6509694963E-04  9.9999953429E-01
           Stress_EigVec2 =  8.5000573809E-01  5.2677318112E-01 -5.1075198520E-04
           Stress_EigVec3 = -5.2677342873E-01  8.5000534365E-01 -8.1887256047E-04
           -DivStress =  1.0606481290E+01 -1.6995647757E+01  1.6199116068E-02
           ESP =  -1.0026389604E+00     ESP at Nucleus =  -1.0052566395E+00
           ESPe = -1.4537345000E+01     ESPe at Nucleus = -1.4430762181E+01
           ESPn =  1.3534706040E+01     ESPn at Nucleus =  1.3425505542E+01

CP# 9      Coords =  3.40680310652579E-01 -9.70470107187800E-01 -7.55888226988428E-05
           Type = (3,-3) NACP C9
           Rho =  1.2211410592E+02     Rho at Nucleus =  1.2211410563E+02
           GradRho =  2.2988189130E-09 -5.9637605687E-09  1.0580988668E-12
           HessRho_EigVals = -3.2277531759E+05 -3.2277505902E+05 -3.2277389194E+05
           HessRho_EigVec1 = -6.8194902538E-01  7.3139946553E-01 -5.9041833762E-04
           HessRho_EigVec2 = -4.2622746479E-04  4.0983463117E-04  9.9999982518E-01
           HessRho_EigVec3 =  7.3139957965E-01  6.8194915782E-01  3.2256212652E-05
           DelSqRho = -9.6832426855E+05
           Bond Ellipticity = NA
           V = -2.4209896116E+05
           G =  8.9470118763E+00
           K =  2.4209001415E+05
           L =  2.4208106714E+05
           Vnuc =  4.4729100632E+06
           Ven = -5.4620541322E+08
           Vrep =  5.4596331426E+08
           DelSqV =  2.3750830445E+10
           DelSqVen =  4.3312273162E+12
           DelSqVrep = -4.3074764858E+12
           DelSqG =  6.3999834397E+08
           DelSqK = -2.4390828789E+10
           Stress_EigVals = -8.0699985211E+04 -8.0699614141E+04 -8.0699361810E+04
           Stress_EigVec1 =  8.1598677222E-01  5.7807057295E-01  1.5975316767E-05
           Stress_EigVec2 = -5.7807057176E-01  8.1598676799E-01  9.2431015875E-05
           Stress_EigVec3 =  4.0396003208E-05 -8.4657346795E-05  9.9999999560E-01
           -DivStress = -3.7801984841E+03  9.7844237714E+03 -1.7408899649E+00
           ESP =  -1.4735750860E+01     ESP at Nucleus =  -1.4735750868E+01
           ESPe = -3.1840390681E+01     ESPe at Nucleus = -3.1840391463E+01
           ESPn =  1.7104639821E+01     ESPn at Nucleus =  1.7104640595E+01

CP# 10     Coords =  1.32761107751617E+00  1.45996612635900E+00 -3.77944874877417E-05
           Type = (3,-3) NACP C10
           Rho =  1.2216645146E+02     Rho at Nucleus =  1.2216644975E+02
           GradRho = -1.0661860284E-11  1.7575552125E-11 -6.6540197831E-16
           HessRho_EigVals = -3.2293066390E+05 -3.2293020213E+05 -3.2292784661E+05
           HessRho_EigVec1 =  1.0716292963E-04 -1.7206165044E-05  9.9999999411E-01
           HessRho_EigVec2 =  9.9203579415E-01 -1.2595622794E-01 -1.0847668628E-04
           HessRho_EigVec3 =  1.2595622907E-01  9.9203579993E-01  3.5712932120E-06
           DelSqRho = -9.6878871264E+05
           Bond Ellipticity = NA
           V = -2.4221457571E+05
           G =  8.6987736924E+00
           K =  2.4220587693E+05
           L =  2.4219717816E+05
           Vnuc =  1.8473326551E+06
           Ven = -2.2568207514E+08
           Vrep =  2.2543986057E+08
           DelSqV =  2.3762209273E+10
           DelSqVen =  1.7896750203E+12
           DelSqVrep = -1.7659128069E+12
           DelSqG =  6.4033765500E+08
           DelSqK = -2.4402546928E+10
           Stress_EigVals = -8.0738759873E+04 -8.0738105890E+04 -8.0737709943E+04
           Stress_EigVec1 =  1.1994801951E-02  9.9992805973E-01  9.0952950766E-06
           Stress_EigVec2 =  9.9992805971E-01 -1.1994801844E-02 -1.1650015731E-05
           Stress_EigVec3 =  1.1540081363E-05 -9.2343803898E-06  9.9999999989E-01
           -DivStress = -2.2510244293E+04 -1.1784848146E+04 -2.7517828731E-01
           ESP =  -1.4688574048E+01     ESP at Nucleus =  -1.4688574093E+01
           ESPe = -3.1551578230E+01     ESPe at Nucleus = -3.1551580733E+01
           ESPn =  1.6863004181E+01     ESPn at Nucleus =  1.6863006640E+01

CP# 11     Coords =  2.23101103594518E+00 -2.76504037009822E+00  9.44856528024496E-05
           Type = (3,-3) NACP N11
           Rho =  1.9878916742E+02     Rho at Nucleus =  1.9878914971E+02
           GradRho = -3.0569324849E-11 -3.5880631799E-11 -1.9788858052E-15
           HessRho_EigVals = -7.3985261682E+05 -7.3985195711E+05 -7.3983881467E+05
           HessRho_EigVec1 = -1.8124195503E-04  1.5696714467E-05  9.9999998345E-01
           HessRho_EigVec2 =  9.9097357790E-01 -1.3405720748E-01  1.8171024936E-04
           HessRho_EigVec3 =  1.3405720811E-01  9.9097359444E-01  8.7417610724E-06
           DelSqRho = -2.2195433886E+06
           Bond Ellipticity = NA
           V = -5.5494034878E+05
           G =  2.7250816784E+01
           K =  5.5491309797E+05
           L =  5.5488584715E+05
           Vnuc =  1.0116352577E+06
           Ven = -2.0110213061E+08
           Vrep =  2.0054719026E+08
           DelSqV =  7.9017512738E+10
           DelSqVen =  2.2453683482E+12
           DelSqVrep = -2.1663508364E+12
           DelSqG =  2.0656808768E+09
           DelSqK = -8.1083193615E+10
           Stress_EigVals = -1.8498196681E+05 -1.8497947395E+05 -1.8497890803E+05
           Stress_EigVec1 =  1.6750663606E-01  9.8587094818E-01  2.0111930421E-05
           Stress_EigVec2 =  9.8587094758E-01 -1.6750663672E-01  3.6956134320E-05
           Stress_EigVec3 = -3.9802861006E-05 -1.3637370160E-05  9.9999999911E-01
           -DivStress = -9.5299599337E+03 -1.7982832355E+05  1.7013469310E+01
           ESP =  -1.8383147395E+01     ESP at Nucleus =  -1.8383147723E+01
           ESPe = -3.2303347850E+01     ESPe at Nucleus = -3.2303333067E+01
           ESPn =  1.3920200455E+01     ESPn at Nucleus =  1.3920185344E+01

CP# 12     Coords =  3.89663416186784E+00  1.11724390652279E+00  3.77943882052281E-05
           Type = (3,-3) NACP N12
           Rho =  1.9825387511E+02     Rho at Nucleus =  1.9825387511E+02
           GradRho =  2.5393465108E-11  4.2064129957E-12 -1.4059391672E-15
           HessRho_EigVals = -7.3770816452E+05 -7.3770799219E+05 -7.3769992219E+05
           HessRho_EigVec1 =  9.4479687258E-01  3.2765661878E-01  9.8664396096E-05
           HessRho_EigVec2 = -3.2765662782E-01  9.4479686970E-01  9.6155539630E-05
           HessRho_EigVec3 = -6.1711813590E-05 -1.2317549643E-04  9.9999999051E-01
           DelSqRho = -2.2131160789E+06
           Bond Ellipticity = NA
           V = -5.5333654387E+05
           G =  2.8762071727E+01
           K =  5.5330778180E+05
           L =  5.5327901972E+05
           Vnuc =  2.1787393062E+08
           Ven = -4.3194351031E+10
           Vrep =  4.3193797694E+10
           DelSqV =  7.8788971896E+10
           DelSqVen =  4.8217020852E+14
           DelSqVrep = -4.8209141955E+14
           DelSqG =  2.0592604756E+09
           DelSqK = -8.0848232371E+10
           Stress_EigVals = -1.8444653477E+05 -1.8444504759E+05 -1.8444496150E+05
           Stress_EigVec1 = -6.8174197123E-05 -1.4293941525E-04  9.9999998746E-01
           Stress_EigVec2 =  4.7256906817E-01  8.8129362348E-01  1.5818861399E-04
           Stress_EigVec3 =  8.8129363504E-01 -4.7256907303E-01 -7.4672610567E-06
           -DivStress =  4.6815988167E+02 -6.8976730336E+02  3.4886323305E+00
           ESP =  -1.8310344589E+01     ESP at Nucleus =  -1.8310344589E+01
           ESPe = -3.2207078916E+01     ESPe at Nucleus = -3.2207078911E+01
           ESPn =  1.3896734326E+01     ESPn at Nucleus =  1.3896734322E+01

CP# 13     Coords =  4.30551398377703E+00 -1.44697968728834E+00 -5.66915849674642E-05
           Type = (3,-3) NACP C13
           Rho =  1.2218234619E+02     Rho at Nucleus =  1.2218234516E+02
           GradRho =  8.4385276544E-11 -3.1021851754E-11  7.6956670203E-16
           HessRho_EigVals = -3.2297422898E+05 -3.2297416380E+05 -3.2297191085E+05
           HessRho_EigVec1 =  1.4484482874E-06 -7.3304145610E-04  9.9999973132E-01
           HessRho_EigVec2 =  1.5730728692E-03  9.9999849405E-01  7.3303827061E-04
           HessRho_EigVec3 =  9.9999876272E-01 -1.5730713848E-03 -2.6015737327E-06
           DelSqRho = -9.6892030364E+05
           Bond Ellipticity = NA
           V = -2.4224719666E+05
           G =  8.5603773250E+00
           K =  2.4223863629E+05
           L =  2.4223007591E+05
           Vnuc =  2.3764900278E+06
           Ven = -2.9036512729E+08
           Vrep =  2.9012288009E+08
           DelSqV =  2.3765423066E+10
           DelSqVen =  2.3026294702E+12
           DelSqVrep = -2.2788640553E+12
           DelSqG =  6.4042900769E+08
           DelSqK = -2.4405852073E+10
           Stress_EigVals = -8.0749610916E+04 -8.0748925269E+04 -8.0748660479E+04
           Stress_EigVec1 =  9.9962923372E-01  2.7228568848E-02 -1.1717787656E-05
           Stress_EigVec2 = -2.7228568491E-02  9.9962923336E-01  2.9628077728E-05
           Stress_EigVec3 =  1.2520173245E-05 -2.9298034052E-05  9.9999999949E-01
           -DivStress =  1.9267245076E+03 -1.9658382441E+04 -1.5583326852E+00
           ESP =  -1.4682617424E+01     ESP at Nucleus =  -1.4682617448E+01
           ESPe = -2.8642228735E+01     ESPe at Nucleus = -2.8642226148E+01
           ESPn =  1.3959611311E+01     ESPn at Nucleus =  1.3959608699E+01

CP# 14     Coords =  5.17798665451476E+00  2.47107049732466E+00  2.04206921477368E-04
           Type = (3,-3) NACP H14
           Rho =  4.2070037334E-01     Rho at Nucleus =  4.1487003673E-01
           GradRho = -1.9793494101E-12 -2.1355309014E-12 -2.7413713118E-16
           HessRho_EigVals = -8.4964630966E+00 -8.4762764751E+00 -7.3039443051E+00
           HessRho_EigVec1 =  7.3148600378E-01 -6.8185645545E-01 -2.0688017482E-05
           HessRho_EigVec2 = -4.8694318699E-05 -8.2579301741E-05  9.9999999540E-01
           HessRho_EigVec3 =  6.8185645403E-01  7.3148599942E-01  9.3608138974E-05
           DelSqRho = -2.4276683877E+01
           Bond Ellipticity = NA
           V = -6.0976828657E+00
           G =  1.4255948263E-02
           K =  6.0834269175E+00
           L =  6.0691709692E+00
           Vnuc =  3.9496624433E+01
           Ven = -1.6616244644E+01
           Vrep =  1.0518561779E+01
           DelSqV =  1.5480449390E+03
           DelSqVen =  9.5884706555E+02
           DelSqVrep =  5.8919787344E+02
           DelSqG =  1.1788178099E+02
           DelSqK = -1.6659267200E+03
           Stress_EigVals = -2.1357269287E+00 -2.1321774472E+00 -1.8297784898E+00
           Stress_EigVec1 = -4.4705608380E-05 -8.6818361812E-05  9.9999999523E-01
           Stress_EigVec2 =  7.3196001152E-01 -6.8134759179E-01 -2.6430764246E-05
           Stress_EigVec3 =  6.8134759084E-01  7.3196000685E-01  9.4007627721E-05
           -DivStress =  1.3572361819E+01  1.4680091958E+01  1.8890180974E-03
           ESP =  -9.6443585489E-01     ESP at Nucleus =  -9.6707082336E-01
           ESPe = -1.4669112158E+01     ESPe at Nucleus = -1.4539595283E+01
           ESPn =  1.3704676303E+01     ESPn at Nucleus =  1.3572524460E+01

CP# 15     Coords =  6.16323741213413E+00 -2.21198521094446E+00 -3.79929272147155E-05
           Type = (3,-3) NACP H15
           Rho =  4.4127367924E-01     Rho at Nucleus =  4.3751293296E-01
           GradRho = -1.9682172558E-14  7.9884016069E-15 -1.3552527156E-19
           HessRho_EigVals = -9.0447015707E+00 -9.0327718356E+00 -8.2576884354E+00
           HessRho_EigVec1 =  3.9722011078E-01  9.1772336953E-01 -2.4670618114E-05
           HessRho_EigVec2 =  2.5553410511E-06  2.5776378848E-05  9.9999999966E-01
           HessRho_EigVec3 =  9.1772336986E-01 -3.9722011071E-01  7.8937998617E-06
           DelSqRho = -2.6335161842E+01
           Bond Ellipticity = NA
           V = -6.5944420895E+00
           G =  5.3258145331E-03
           K =  6.5891162750E+00
           L =  6.5837904604E+00
           Vnuc =  4.6180144761E+01
           Ven = -2.0378082386E+01
           Vrep =  1.3783640297E+01
           DelSqV =  1.7109467115E+03
           DelSqVen =  1.2161615861E+03
           DelSqVrep =  4.9478512532E+02
           DelSqG =  1.3143155942E+02
           DelSqK = -1.8423782709E+03
           Stress_EigVals = -2.2642322826E+00 -2.2641369881E+00 -2.0660728187E+00
           Stress_EigVec1 =  1.4759925292E-04  3.5786717335E-04  9.9999992507E-01
           Stress_EigVec2 =  3.9722958397E-01  9.1771918788E-01 -3.8705239053E-04
           Stress_EigVec3 =  9.1771925763E-01 -3.9722961134E-01  6.7007618636E-06
           -DivStress =  1.5123844045E+01 -6.6812014113E+00  1.0978590994E-04
           ESP =  -1.0561325171E+00     ESP at Nucleus =  -1.0576440250E+00
           ESPe = -1.3541988896E+01     ESPe at Nucleus = -1.3456556452E+01
           ESPn =  1.2485856379E+01     ESPn at Nucleus =  1.2398912427E+01

CP# 16     Coords = -1.09239324620886E+00  1.11309644978557E+00 -5.73934569651716E-07
           Type = (3,+1) RCP N2 C5 N7 C10 C9 C6
           Rho =  2.7732993124E-02
           GradRho =  1.5612511284E-17  3.2959746044E-17  3.1763735522E-22
           HessRho_EigVals = -2.3757274820E-02  8.8005116088E-02  1.2127256576E-01
           HessRho_EigVec1 =  1.1244125443E-05 -1.9271084221E-05  9.9999999975E-01
           HessRho_EigVec2 =  2.8770465872E-01  9.5771918072E-01  1.5221299723E-05
           HessRho_EigVec3 =  9.5771918077E-01 -2.8770465848E-01 -1.6313095316E-05
           DelSqRho =  1.8552040703E-01
           Bond Ellipticity = NA
           V = -3.4312391504E-02
           G =  4.0346246631E-02
           K = -6.0338551269E-03
           L = -4.6380101758E-02
           Vnuc =  2.0821747830E+01
           Ven = -5.7744938941E-01
           Vrep =  5.4313699790E-01
           DelSqV = -1.9302966159E-01
           DelSqVen = -3.8628591326E+00
           DelSqVrep =  3.6698294710E+00
           DelSqG =  1.7734473893E-01
           DelSqK =  1.5684922661E-02
           Stress_EigVals = -1.2847103096E-02 -1.1020489342E-02 -1.0444799067E-02
           Stress_EigVec1 =  1.3936591453E-05 -3.2677543419E-05  9.9999999937E-01
           Stress_EigVec2 =  6.6515100402E-01  7.4670887341E-01  1.5130673844E-05
           Stress_EigVec3 =  7.4670887343E-01 -6.6515100339E-01 -3.2142077317E-05
           -DivStress = -2.1034974420E-05  1.4849686869E-03 -3.6955759291E-08
           ESP =   2.0210696882E-01
           ESPe = -2.0619640861E+01
           ESPn =  2.0821747830E+01

CP# 17     Coords = -2.85228193744377E+00  2.34915866585168E+00  6.14651928266315E-05
           Type = (3,-1) BCP C5 N2
           Rho =  3.3694567481E-01
           GradRho = -1.1882855810E-16  2.7061686225E-16 -3.3881317890E-21
           HessRho_EigVals = -7.4249497529E-01 -6.6643402250E-01  3.9375224538E-01
           HessRho_EigVec1 =  8.7862581420E-01 -4.7751091568E-01 -6.3478294733E-05
