AIMSum (Version 16.05.18, Professional)
Copyright (c) 1997-2016 by Todd A. Keith
AIMSum is a component of the AIMAll package ( http://aim.tkgristmill.com )

TP:  64-bit Linux

Licensed To:  Masaryk University, CEITEC MU (LR:  Prof. Jaroslav Koca)

Much of the Quantum Theory of Atoms in Molecules (QTAIM) is described in the book:
  "Atoms in Molecules - A Quantum Theory"
  R.F.W. Bader, Oxford University Press, Oxford, 1990

For additional references see:  http://aim.tkgristmill.com/references.html

Wfx File:  /scratch/joseph/job_251725.wagap-pro.cerit-sc.cz/main/t.wfx
Sum File:  /scratch/joseph/job_251725.wagap-pro.cerit-sc.cz/main/t.sum

SumViz File:  /scratch/joseph/job_251725.wagap-pro.cerit-sc.cz/main/t.sumviz

Wfx Title:  Title                                                                          
 
Total memory allocated for AIMSum =        0.762 Megabytes

Atomic units (a.u.) used throughout, except where stated otherwise

Model:  Restricted M062X
 
Restricted, closed-shell, single-determinant wavefunction.
  Number of electrons (from MO Occs)                   =          66.0000000000
  Number of Alpha electrons (from MO Occs)             =          33.0000000000
  Number of Beta electrons (from MO Occs)              =          33.0000000000
  Number of electron pairs (N*(N-1)/2)                 =        2145.0000000000
  Number of electron pairs (from Muller 2EDM)          =        2145.0000000000
 
Nuclear Charges and Cartesian Coordinates:
-------------------------------------------------------------------------------
Atom      Charge                X                  Y                  Z
-------------------------------------------------------------------------------
H1         1.0           5.8185883400E+00  -4.4308317400E-01  -1.6558687100E+00
H2         1.0           5.4205445000E+00  -3.3318531600E+00  -8.1911827600E-04
C3         6.0           4.9633927900E+00  -1.3243321300E+00   4.1875174900E-05
O4         8.0           2.6081807200E+00   3.5249141500E+00  -7.1156164500E-05
C5         6.0           2.1671214800E+00  -9.2755930200E-01   5.6740646100E-05
H6         1.0           5.8185288100E+00  -4.4456545500E-01   1.6567837000E+00
C7         6.0           1.2259768000E+00   1.6738017000E+00  -2.3667851400E-05
H8         1.0           9.8976922900E-01  -4.7701173100E+00   1.8844307500E-05
C9         6.0           4.5189986600E-01  -2.7965018000E+00  -1.8058498700E-05
N10        7.0          -1.3667075600E+00   1.9518213500E+00  -1.8683470400E-05
H11        1.0          -2.0743852500E+00   3.7997081800E+00   5.4521199900E-04
N12        7.0          -2.1044815600E+00  -2.3436364800E+00   1.6094091400E-05
C13        6.0          -3.1413218100E+00   5.7800537400E-02  -1.1467953100E-04
H14        1.0          -3.3610563100E+00  -3.7748716700E+00  -2.8143308300E-04
O15        8.0          -5.3976907600E+00   4.2611515500E-01   6.9452331400E-05
 
Some Atomic Properties:
----------------------
  q(A) = Net Charge of Atom A
  L(A) = Lagrangian of Atom A = -(1/4) Times Atomic Integral of the Laplacian of the Electron Density
  K(A) = Electronic Kinetic Energy of Atom A (Hamiltonian Form)
  K_Scaled(A) = K(A) * E(Mol)/K(Mol) = Approximation to Virial-Based Total Energy of Atom A.
  |Mu_Intra(A)| = Magnitude of Intraatomic Dipole Moment of Atom A
--------------------------------------------------------------------------------------------------
Atom A          q(A)              L(A)              K(A)          K_Scaled(A)      |Mu_Intra(A)|
--------------------------------------------------------------------------------------------------
H1        3.3958374090E-02  2.2370063400E-05  6.0443600038E-01 -6.0712360063E-01  1.4195570583E-01
H2        2.9667460000E-05  2.1817437537E-05  6.1821278745E-01 -6.2096164562E-01  1.4284560130E-01
C3        5.4716550800E-02 -6.9072676462E-04  3.7808497823E+01 -3.7976611780E+01  1.4500634463E-01
O4       -1.1538318894E+00  4.0224145198E-05  7.5542878529E+01 -7.5878776884E+01  3.6700851276E-01
C5        2.3178193000E-03 -2.9138465610E-04  3.7924345547E+01 -3.8092974617E+01  1.4463477602E-01
H6        3.3929659300E-02  2.2625308862E-05  6.0444441208E-01 -6.0713204972E-01  1.4195801122E-01
C7        1.3969040786E+00  1.3417463214E-04  3.7062353795E+01 -3.7227150053E+01  7.3738082682E-01
H8        6.1933741510E-02  2.1603895518E-05  5.9751698407E-01 -6.0017381918E-01  1.2764626012E-01
C9        3.9891533590E-01 -4.2890216484E-04  3.7675073099E+01 -3.7842593788E+01  6.6800483396E-01
N10      -1.2180601901E+00 -1.9294376165E-04  5.5228920171E+01 -5.5474493332E+01  4.1864142474E-02
H11       4.5705732903E-01  2.2663069551E-05  4.1417500740E-01 -4.1601661983E-01  1.4993528822E-01
N12      -1.2119003807E+00  2.0715907404E-04  5.5216044268E+01 -5.5461560176E+01  5.0319045562E-02
C13       1.8811518998E+00 -6.2398176880E-05  3.6777206429E+01 -3.6940734791E+01  2.2170787468E-01
H14       4.4788831205E-01  2.3271259074E-05  4.3709052381E-01 -4.3903402916E-01  1.5703026023E-01
O15      -1.1860332811E+00  3.6650850099E-05  7.5592652459E+01 -7.5928772132E+01  3.8742593609E-01
--------------------------------------------------------------------------------------------------
Total    -1.0229734600E-03 -1.1137957887E-03  4.5210384784E+02 -4.5411410932E+02
 
Molecular charge q(Mol) from the wfx file:   0.0000000000E+00
Molecular energy E(Mol) from the wfx file:  -4.5411435004E+02
Molecular virial ratio (-V(Mol)/T(Mol)) from the wfx file:   2.0044464596E+00
Note.  K_Scaled(A) = (1+V(Mol)/T(Mol))*K(A) = (E(Mol)/T(Mol))*K(A)
       Only use K_Scaled(A) data with caution.
 
N_AIMInt(SumA)     =         66.001023
N_Analytic(Mol)    =         66.000000
 
G_AIMInt(SumA)     =        452.104962
G_Analytic(Mol)    =        452.104087
 
K_AIMInt(SumA)     =        452.103848
K_Analytic(Mol)    =        452.104087
 
L_AIMInt(SumA)     =         -0.001114
L_Analytic(Mol)    =          0.000000
 
VenT_AIMInt(SumA)  =      -1942.942536
VenT_Analytic(Mol) =      -1942.930170
 
Some Information About the Atomic Calculations:
----------------------------------------------
  Time(sec) = "Elapsed User Time", in Seconds, for Atom A by AIMInt and, if used, by TWOe
  NProc = Number of Processors Used for AIMInt Job
  BIM = Basin Integration Method
  OAQ = Angular Quadrature Outside of Beta Sphere
  ORQ = Multiple of Default for Radial Quadrature Outside of Beta Sphere
  IAQ = Multiple of Default for Angular Quadrature Inside of Beta Sphere
  IRQ = Multiple of Default for Radial Quadrature Inside of Beta Sphere
  MIR = Maximum Integration Radius
------------------------------------------------------------------------------------------------------
Atom A     Time(sec)   NProc      BIM              OAQ                 ORQ      IAQ      IRQ      MIR
------------------------------------------------------------------------------------------------------
H1            208        8     Proaim(5)    2030      (Very High)      Auto     Auto     Auto    13.00
H2            169        8     Proaim(5)    2030      (Very High)      Auto     Auto     Auto    13.00
C3            581        8     Proaim(5)    4334      (Very High)      Auto     Auto     Auto    13.00
O4            812        8     Proaim(5)    3074      (Very High)      Auto     Auto     Auto    13.00
C5            604        8     Proaim(5)    4334      (Very High)      Auto     Auto     Auto    13.00
H6            190        8     Proaim(5)    2030      (Very High)      Auto     Auto     Auto    13.00
C7            506        8     Proaim(5)    4334      (Very High)      Auto     Auto     Auto    13.00
H8            179        8     Proaim(5)    2030      (Very High)      Auto     Auto     Auto    13.00
C9            600        8     Proaim(5)    4334      (Very High)      Auto     Auto     Auto    13.00
N10           626        8     Proaim(5)    4334      (Very High)      Auto     Auto     Auto    13.00
H11           159        8     Proaim(5)    2030      (Very High)      Auto     Auto     Auto    13.00
N12           551        8     Proaim(5)    4334      (Very High)      Auto     Auto     Auto    13.00
C13           457        8     Proaim(5)    4334      (Very High)      Auto     Auto     Auto    13.00
H14           163        8     Proaim(5)    2030      (Very High)      Auto     Auto     Auto    13.00
O15           691        8     Proaim(5)    3074      (Very High)      Auto     Auto     Auto    13.00
------------------------------------------------------------------------------------------------------
Total        6496
Note:  Total wall clock time is less than total of atomic times if more than one atom
       was calculated at a time
Note:  Total time does not include times for diatomic interaction energy calculations (3387 seconds)
 
Electron Density Critical Point Analysis of Molecular Structure:               
---------------------------------------------------------------                
  NACP = Nuclear Attractor Critical Point                                      
  NNACP = Non-Nuclear Attractor Critical Point                                 
  BCP = Bond Critical Point                                                    
  RCP = Ring Critical Point                                                    
  CCP = Cage Critical Point                                                    
  Rho = Electron Density                                                       
  GradRho = Gradient of Electron Density                                       
  HessRho_EigVals = Eigenvalues of the Hessian of Rho, Ascending Order         
  HessRho_EigVecs = Eigenvectors of the Hessian of Rho                         
  DelSqRho = Laplacian of Rho = Trace of Hessian of Rho                        
  Bond Ellipticity = (HessRho_EigVal(1) / HessRho_EigVal(2)) - 1               
  V = Virial Field = Potential Energy Density = Trace of Stress Tensor         
  G = Lagrangian Form of Kinetic Energy Density                                
  K = Hamiltonian Form of Kinetic Energy Density                               
  L = K - G = Lagrangian Density = (-1/4)DelSqRho                              
  Vnuc = Electrostatic Potential from Nuclei                                   
  Ven = Electron-nuclear attractive contribution to Virial Field V             
  Vrep = V - Ven = Repulsive contribution to Virial Field V                    
  DelSqV = Laplacian of V                                                      
  DelSqVen = Laplacian of Ven                                                  
  DelSqVrep = Laplacian of Vrep                                                
  DelSqG = Laplacian of G                                                      
  DelSqK = Laplacian of K                                                      
  Stress_EigVals = Eigenvalues of Stress Tensor, Ascending Order               
  Stress_EigVecs = Eigenvectors of Stress Tensor                               
  -DivStress = Ehrenfest Force Density = Minus Divergence of Stress Tensor     
  ESP = Total Electrostatic Potential                                          
  ESPe = Electrostatic Potential from Electrons                                
  ESPn = Electrostatic Potential from Nuclei                                   
  BP = Bond Path                                                               
  BPL = Bond Path Length                                                       
  GBL = Geometric Bond Length                                                  
  GBL_I = Distance Between Nuclear Attractors                                  
  GBL_II = Distance Between Nuclei                                             
  GBL_III = Sum of Distances Between BCP and Nuclear Attractors                
  GBL_IV = Sum of Distances Between BCP and Nuclei                             

CP# 1      Coords =  5.80715928119635E+00 -4.55020543908207E-01 -1.63412855540004E+00
           Type = (3,-3) NACP H1
           Rho =  4.3693899560E-01     Rho at Nucleus =  4.3376884602E-01
           GradRho = -7.3954570332E-10 -7.7059539999E-10  1.4061102838E-09
           HessRho_EigVals = -8.9617067341E+00 -8.9592131157E+00 -8.2646721428E+00
           HessRho_EigVec1 = -9.0211432179E-01  2.9095298587E-01 -3.1864731357E-01
           HessRho_EigVec2 = -9.4593187795E-02 -8.5385471275E-01 -5.1184397851E-01
           HessRho_EigVec3 = -4.2100104424E-01 -4.3159991836E-01  7.9779673553E-01
           DelSqRho = -2.6185591993E+01
           Bond Ellipticity = NA
           V = -6.5595633271E+00
           G =  6.5826644561E-03
           K =  6.5529806626E+00
           L =  6.5463979981E+00
           Vnuc =  4.8748126412E+01
           Ven = -2.1299957392E+01
           Vrep =  1.4740394065E+01
           DelSqV =  1.7093349321E+03
           DelSqVen =  1.2764985534E+03
           DelSqVrep =  4.3283637880E+02
           DelSqG =  1.3124421534E+02
           DelSqK = -1.8405791475E+03
           Stress_EigVals = -2.2456665229E+00 -2.2453588061E+00 -2.0685379981E+00
           Stress_EigVec1 =  7.3285044840E-01  3.5585606254E-01  5.7991092681E-01
           Stress_EigVec2 = -5.3424266037E-01  8.2875534749E-01  1.6658137306E-01
           Stress_EigVec3 = -4.2132529015E-01 -4.3189239025E-01  7.9746721758E-01
           -DivStress =  6.3383222481E+00  6.6166504642E+00 -1.2054194754E+01
           ESP =  -1.1034260073E+00     ESP at Nucleus =  -1.1047111609E+00
           ESPe = -1.3233023632E+01     ESPe at Nucleus = -1.3170668093E+01
           ESPn =  1.2129597624E+01     ESPn at Nucleus =  1.2065956933E+01

CP# 2      Coords =  5.41400705891741E+00 -3.30570202894905E+00 -8.07616026633338E-04
           Type = (3,-3) NACP H2
           Rho =  4.4115853104E-01     Rho at Nucleus =  4.3804134373E-01
           GradRho =  2.2291196666E-15  1.5629858519E-15  7.1997800517E-20
           HessRho_EigVals = -9.0347493204E+00 -9.0324317801E+00 -8.3470540825E+00
           HessRho_EigVec1 =  9.7151080698E-01  2.3699446613E-01  6.1233145556E-04
           HessRho_EigVec2 = -4.9483126915E-04 -5.5527609033E-04  9.9999972341E-01
           HessRho_EigVec3 = -2.3699474059E-01  9.7151084126E-01  4.2218445016E-04
           DelSqRho = -2.6414235183E+01
           Bond Ellipticity = NA
           V = -6.6168449162E+00
           G =  6.6430602205E-03
           K =  6.6102018560E+00
           L =  6.6035587958E+00
           Vnuc =  4.8866711263E+01
           Ven = -2.1557966557E+01
           Vrep =  1.4941121641E+01
           DelSqV =  1.7249470089E+03
           DelSqVen =  1.2907768039E+03
           DelSqVrep =  4.3417020500E+02
           DelSqG =  1.3226232644E+02
           DelSqK = -1.8572093354E+03
           Stress_EigVals = -2.2639864266E+00 -2.2638624462E+00 -2.0889960435E+00
           Stress_EigVec1 =  1.4474673058E-03 -8.0670033872E-05  9.9999894916E-01
           Stress_EigVec2 =  9.7139900177E-01  2.3744905944E-01 -1.3869147297E-03
           Stress_EigVec3 = -2.3744869804E-01  9.7139998850E-01  4.2206254072E-04
           -DivStress =  3.6546838937E+00 -1.4622222696E+01 -6.4286799341E-03
           ESP =  -1.0977964279E+00     ESP at Nucleus =  -1.0990524906E+00
           ESPe = -1.2866861997E+01     ESPe at Nucleus = -1.2802972909E+01
           ESPn =  1.1769065569E+01     ESPn at Nucleus =  1.1703920418E+01

CP# 3      Coords =  4.96339160588404E+00 -1.32433223318910E+00  4.18753623986857E-05
           Type = (3,-3) NACP C3
           Rho =  1.2198107204E+02     Rho at Nucleus =  1.2198107181E+02
           GradRho = -4.4295022095E-09 -3.5953723332E-10  6.9870227225E-13
           HessRho_EigVals = -3.2241229065E+05 -3.2241122320E+05 -3.2241120971E+05
           HessRho_EigVec1 =  9.7359802283E-01 -2.2826933627E-01 -7.4045579693E-06
           HessRho_EigVec2 =  2.5496998692E-03  1.0842361454E-02  9.9993796919E-01
           HessRho_EigVec3 =  2.2825509626E-01  9.7353764864E-01 -1.1138119972E-02
           DelSqRho = -9.6723472356E+05
           Bond Ellipticity = NA
           V = -2.4182631764E+05
           G =  8.8183773716E+00
           K =  2.4181749927E+05
           L =  2.4180868089E+05
           Vnuc =  5.0479515281E+06
           Ven = -6.1575453899E+08
           Vrep =  6.1551271267E+08
           DelSqV =  2.3724119470E+10
           DelSqVen =  4.8825542902E+12
           DelSqVrep = -4.8588301707E+12
           DelSqG =  6.3925289368E+08
           DelSqK = -2.4363372364E+10
           Stress_EigVals = -8.0608860507E+04 -8.0608852988E+04 -8.0608604149E+04
           Stress_EigVec1 =  2.3340337413E-01  9.7236637272E-01 -5.1480245596E-03
           Stress_EigVec2 =  1.2318085351E-03  4.9985768819E-03  9.9998674835E-01
           Stress_EigVec3 =  9.7237922005E-01 -2.3340662253E-01 -3.1084487030E-05
           -DivStress =  9.2495823815E+03  8.0447513171E+02 -1.4651926058E+00
           ESP =  -1.4752338977E+01     ESP at Nucleus =  -1.4752338983E+01
           ESPe = -2.6206850899E+01     ESPe at Nucleus = -2.6206849125E+01
           ESPn =  1.1454511922E+01     ESPn at Nucleus =  1.1454510143E+01

CP# 4      Coords =  2.60817720033254E+00  3.52490974594728E+00 -7.11559571620140E-05
           Type = (3,-3) NACP O4
           Rho =  3.0211329488E+02     Rho at Nucleus =  3.0211327096E+02
           GradRho =  1.2929746163E-10 -3.0808511298E-10  3.8237642219E-15
           HessRho_EigVals = -1.5050873805E+06 -1.5050824944E+06 -1.5050555075E+06
           HessRho_EigVec1 = -9.3907948822E-05 -6.3792403900E-05  9.9999999356E-01
           HessRho_EigVec2 =  6.1029696559E-01  7.9217270980E-01  1.0784633837E-04
           HessRho_EigVec3 =  7.9217271158E-01 -6.1029697179E-01  3.5459003762E-05
           DelSqRho = -4.5152253824E+06
           Bond Ellipticity = NA
           V = -1.1289548987E+06
           G =  7.4276561110E+01
           K =  1.1288806222E+06
           L =  1.1288063456E+06
           Vnuc =  1.4190279369E+06
           Ven = -4.2870720554E+08
           Vrep =  4.2757825064E+08
           DelSqV =  2.2001761635E+11
           DelSqVen =  6.4072309637E+12
           DelSqVrep = -6.1872133453E+12
           DelSqG =  5.6252446997E+09
           DelSqK = -2.2564286105E+11
           Stress_EigVals = -3.7632333559E+05 -3.7631611984E+05 -3.7631544330E+05
           Stress_EigVec1 =  7.9060825253E-01 -6.1232229243E-01  3.5047101890E-05
           Stress_EigVec2 =  6.1232226959E-01  7.9060823642E-01  2.3381537925E-04
           Stress_EigVec3 = -1.7087889645E-04 -1.6339624743E-04  9.9999997205E-01
           -DivStress =  2.5513895066E+05  3.1924987646E+05 -1.5029674862E+01
           ESP =  -2.2370423784E+01     ESP at Nucleus =  -2.2370424135E+01
           ESPe = -3.3658147727E+01     ESPe at Nucleus = -3.3658134897E+01
           ESPn =  1.1287723943E+01     ESPn at Nucleus =  1.1287710762E+01

CP# 5      Coords =  2.16712133173574E+00 -9.27558655547791E-01  5.67404944732673E-05
           Type = (3,-3) NACP C5
           Rho =  1.2211458555E+02     Rho at Nucleus =  1.2211458548E+02
           GradRho = -1.1428413771E-10  7.6694214868E-10 -1.7686416567E-13
           HessRho_EigVals = -3.2277094787E+05 -3.2277010944E+05 -3.2276935669E+05
           HessRho_EigVec1 =  2.0479548963E-05 -3.0929408518E-05  9.9999999931E-01
           HessRho_EigVec2 = -6.7304104476E-01  7.3960513162E-01  3.6659126314E-05
           HessRho_EigVec3 =  7.3960513225E-01  6.7304104505E-01  5.6699819163E-06
           DelSqRho = -9.6831041400E+05
           Bond Ellipticity = NA
           V = -2.4209532934E+05
           G =  8.8629184518E+00
           K =  2.4208646642E+05
           L =  2.4207760350E+05
           Vnuc =  9.0465605569E+06
           Ven = -1.1047169931E+09
           Vrep =  1.1044748977E+09
           DelSqV =  2.3750469796E+10
           DelSqVen =  8.7598778286E+12
           DelSqVrep = -8.7361273588E+12
           DelSqG =  6.3997741953E+08
           DelSqK = -2.4390447215E+10
           Stress_EigVals = -8.0698771912E+04 -8.0698517910E+04 -8.0698039514E+04
           Stress_EigVec1 =  7.6781373733E-01  6.4067313406E-01  7.0495877308E-06
           Stress_EigVec2 = -6.4067313410E-01  7.6781373731E-01  6.1554649165E-06
           Stress_EigVec3 = -1.4691293024E-06 -9.2427319881E-06  9.9999999996E-01
           -DivStress =  1.1569350835E+03 -5.0558323926E+03  1.1854971405E+00
           ESP =  -1.4733863720E+01     ESP at Nucleus =  -1.4733863722E+01
           ESPe = -2.9733373996E+01     ESPe at Nucleus = -2.9733373579E+01
           ESPn =  1.4999510276E+01     ESPn at Nucleus =  1.4999509857E+01

CP# 6      Coords =  5.80710075515395E+00 -4.56482396762695E-01  1.63503325778166E+00
           Type = (3,-3) NACP H6
           Rho =  4.3693966794E-01     Rho at Nucleus =  4.3376976401E-01
           GradRho = -7.5491580001E-10 -7.8533078651E-10 -1.4361340814E-09
           HessRho_EigVals = -8.9617474280E+00 -8.9592535087E+00 -8.2647482606E+00
           HessRho_EigVec1 = -9.0211357620E-01  2.9075193945E-01  3.1883287997E-01
           HessRho_EigVec2 = -9.4701522846E-02 -8.5428952244E-01  5.1109787069E-01
           HessRho_EigVec3 =  4.2097828592E-01  4.3087436865E-01  7.9820082763E-01
           DelSqRho = -2.6185749197E+01
           Bond Ellipticity = NA
           V = -6.5596028835E+00
           G =  6.5827921058E-03
           K =  6.5530200914E+00
           L =  6.5464372993E+00
           Vnuc =  4.8749058613E+01
           Ven = -2.1300397483E+01
           Vrep =  1.4740794599E+01
           DelSqV =  1.7093491830E+03
           DelSqVen =  1.2765306273E+03
           DelSqVrep =  4.3281855569E+02
           DelSqG =  1.3124557017E+02
           DelSqK = -1.8405947531E+03
           Stress_EigVals = -2.2456767157E+00 -2.2453689881E+00 -2.0685571798E+00
           Stress_EigVec1 = -7.3288293589E-01 -3.5635809089E-01  5.7956148366E-01
           Stress_EigVec2 =  5.3421575299E-01 -8.2891730727E-01  1.6586026339E-01
           Stress_EigVec3 =  4.2130289761E-01  4.3116703118E-01  7.9787145562E-01
           -DivStress =  6.3378068197E+00  6.6053667477E+00  1.2059973825E+01
           ESP =  -1.1034220619E+00     ESP at Nucleus =  -1.1047070789E+00
           ESPe = -1.3232409183E+01     ESPe at Nucleus = -1.3170050483E+01
           ESPn =  1.2128987121E+01     ESPn at Nucleus =  1.2065343404E+01

CP# 7      Coords =  1.22597417931957E+00  1.67380228895557E+00 -2.36678982843562E-05
           Type = (3,-3) NACP C7
           Rho =  1.2222864338E+02     Rho at Nucleus =  1.2222864222E+02
           GradRho = -7.2754857694E-12 -2.5571100792E-11  3.0357660830E-16
           HessRho_EigVals = -3.2310802909E+05 -3.2310583779E+05 -3.2310388284E+05
           HessRho_EigVec1 =  3.9119743397E-05 -3.6117198256E-06  9.9999999923E-01
           HessRho_EigVec2 =  9.9680332604E-01 -7.9894478293E-02 -3.9283246834E-05
           HessRho_EigVec3 =  7.9894478374E-02  9.9680332680E-01  4.7472284518E-07
           DelSqRho = -9.6931774972E+05
           Bond Ellipticity = NA
           V = -2.4234608466E+05
           G =  8.3236162687E+00
           K =  2.4233776105E+05
           L =  2.4232943743E+05
           Vnuc =  2.2337837705E+06
           Ven = -2.7303235987E+08
           Vrep =  2.7279001379E+08
           DelSqV =  2.3775151878E+10
           DelSqVen =  2.1652462715E+12
           DelSqVrep = -2.1414711196E+12
           DelSqG =  6.4071005614E+08
           DelSqK = -2.4415861934E+10
           Stress_EigVals = -8.0782712041E+04 -8.0782087202E+04 -8.0781285419E+04
           Stress_EigVec1 =  1.8005801484E-01  9.8365599231E-01 -8.7519848836E-06
           Stress_EigVec2 =  9.8365599191E-01 -1.8005801502E-01 -2.8468489100E-05
           Stress_EigVec3 =  2.9579064921E-05  3.4829627391E-06  9.9999999956E-01
           -DivStress =  2.0508400055E+04 -4.6105760516E+03  3.6685493953E-01
           ESP =  -1.4637649750E+01     ESP at Nucleus =  -1.4637649782E+01
           ESPe = -3.0424656518E+01     ESPe at Nucleus = -3.0424655928E+01
           ESPn =  1.5787006768E+01     ESPn at Nucleus =  1.5787006145E+01

CP# 8      Coords =  9.81399635796370E-01 -4.74224490674243E+00  1.81535225284353E-05
           Type = (3,-3) NACP H8
           Rho =  4.4097717315E-01     Rho at Nucleus =  4.3735923208E-01
           GradRho = -6.3751087742E-15  2.3787395664E-14 -5.8275866771E-19
           HessRho_EigVals = -9.0371577123E+00 -9.0274379425E+00 -8.2730466153E+00
           HessRho_EigVec1 =  9.5957882870E-01  2.8143999565E-01 -1.8867862922E-05
           HessRho_EigVec2 =  1.1787839318E-05  2.6849424335E-05  9.9999999957E-01
           HessRho_EigVec3 = -2.8143999604E-01  9.5957882851E-01 -2.2446569708E-05
           DelSqRho = -2.6337642270E+01
           Bond Ellipticity = NA
           V = -6.5958613072E+00
           G =  5.7253698295E-03
           K =  6.5901359373E+00
           L =  6.5844105675E+00
           Vnuc =  4.7416269448E+01
           Ven = -2.0909492463E+01
           Vrep =  1.4313631156E+01
           DelSqV =  1.7130534174E+03
           DelSqVen =  1.2488327425E+03
           DelSqVrep =  4.6422067489E+02
           DelSqG =  1.3155007180E+02
           DelSqK = -1.8446034892E+03
           Stress_EigVals = -2.2629581644E+00 -2.2626692956E+00 -2.0702338471E+00
           Stress_EigVec1 =  9.5924864294E-01  2.8256331200E-01  1.2539695303E-04
           Stress_EigVec2 = -1.2643944972E-04 -1.4545701033E-05  9.9999999190E-01
           Stress_EigVec3 = -2.8256331153E-01  9.5924865103E-01 -2.1774205704E-05
           -DivStress =  4.6622430138E+00 -1.5531018369E+01  3.8363847663E-04
           ESP =  -1.0440497023E+00     ESP at Nucleus =  -1.0454973852E+00
           ESPe = -1.4098309069E+01     ESPe at Nucleus = -1.4015650802E+01
           ESPn =  1.3054259367E+01     ESPn at Nucleus =  1.2970153417E+01

CP# 9      Coords =  4.51896155379111E-01 -2.79650222544859E+00 -1.80583816411095E-05
           Type = (3,-3) NACP C9
           Rho =  1.2218573610E+02     Rho at Nucleus =  1.2218573385E+02
           GradRho =  4.8806375608E-12  5.3222537488E-11  1.1535911115E-16
           HessRho_EigVals = -3.2298022219E+05 -3.2297930777E+05 -3.2297671841E+05
           HessRho_EigVec1 = -2.2124789878E-05 -2.2403425954E-05  9.9999999950E-01
           HessRho_EigVec2 =  9.3216081524E-01 -3.6204449225E-01  1.2512825202E-05
           HessRho_EigVec3 =  3.6204449179E-01  9.3216081506E-01  2.8893754119E-05
           DelSqRho = -9.6893624837E+05
           Bond Ellipticity = NA
           V = -2.4225132957E+05
           G =  8.6337375831E+00
           K =  2.4224269583E+05
           L =  2.4223406209E+05
           Vnuc =  1.6064692729E+06
           Ven = -1.9628763063E+08
           Vrep =  1.9604537930E+08
           DelSqV =  2.3765809870E+10
           DelSqVen =  1.5565662966E+12
           DelSqVrep = -1.5328004888E+12
           DelSqG =  6.4043285213E+08
           DelSqK = -2.4406242722E+10
           Stress_EigVals = -8.0751092612E+04 -8.0750352845E+04 -8.0749884110E+04
           Stress_EigVec1 =  3.8054897072E-01  9.2476076921E-01  2.4967838126E-05
           Stress_EigVec2 =  9.2476076918E-01 -3.8054897119E-01  1.7832406798E-05
           Stress_EigVec3 = -2.5992195339E-05 -1.6303173138E-05  9.9999999953E-01
           -DivStress =  2.9030153194E+04  3.3281861234E+03 -9.1634552781E-01
           ESP =  -1.4682505788E+01     ESP at Nucleus =  -1.4682505845E+01
           ESPe = -2.8823700823E+01     ESPe at Nucleus = -2.8823700021E+01
           ESPn =  1.4141195035E+01     ESPn at Nucleus =  1.4141194176E+01

CP# 10     Coords = -1.36670796018475E+00  1.95182107771612E+00 -1.86827800346729E-05
           Type = (3,-3) NACP N10
           Rho =  1.9829296709E+02     Rho at Nucleus =  1.9829296700E+02
           GradRho = -8.0872686326E-10 -4.9457787865E-10  1.4293822744E-12
           HessRho_EigVals = -7.3785792729E+05 -7.3785730143E+05 -7.3784785121E+05
           HessRho_EigVec1 =  2.2221160460E-01  9.7499842889E-01  2.5777296049E-04
           HessRho_EigVec2 =  9.7499846238E-01 -2.2221158756E-01 -9.3324266745E-05
           HessRho_EigVec3 =  3.3710874675E-05 -2.7206597518E-04  9.9999996242E-01
           DelSqRho = -2.2135630799E+06
           Bond Ellipticity = NA
           V = -5.5344829829E+05
           G =  2.8764154815E+01
           K =  5.5341953414E+05
           L =  5.5339076998E+05
           Vnuc =  1.4461873041E+07
           Ven = -2.8676877149E+09
           Vrep =  2.8671342666E+09
           DelSqV =  7.8804862920E+10
           DelSqVen =  3.2012276597E+13
           DelSqVrep = -3.1933471734E+13
           DelSqG =  2.0596876739E+09
           DelSqK = -8.0864550594E+10
           Stress_EigVals = -1.8448406817E+05 -1.8448222289E+05 -1.8448200723E+05
           Stress_EigVec1 =  2.7842727824E-05 -2.8078547035E-04  9.9999996019E-01
           Stress_EigVec2 =  9.9994651055E-01 -1.0342876489E-02 -3.0745369195E-05
           Stress_EigVec3 =  1.0342884710E-02  9.9994647160E-01  2.8048247740E-04
           -DivStress =  1.0388010183E+04  7.0621683634E+03 -1.7918595152E+01
           ESP =  -1.8314416258E+01     ESP at Nucleus =  -1.8314416260E+01
           ESPe = -3.2783726661E+01     ESPe at Nucleus = -3.2783726516E+01
           ESPn =  1.4469310403E+01     ESPn at Nucleus =  1.4469310256E+01

CP# 11     Coords = -2.06150623670209E+00  3.76557750228401E+00  5.34620802047770E-04
           Type = (3,-3) NACP H11
           Rho =  3.9165005533E-01     Rho at Nucleus =  3.8677252397E-01
           GradRho = -1.0755285551E-16 -1.8162554793E-15 -5.3532482266E-19
           HessRho_EigVals = -7.9648444092E+00 -7.9450495266E+00 -6.9532365286E+00
           HessRho_EigVec1 =  9.3503233675E-01  3.5456244652E-01  2.7281573463E-05
           HessRho_EigVec2 =  7.7656680636E-05 -2.8173620991E-04  9.9999995730E-01
           HessRho_EigVec3 = -3.5456243906E-01  9.3503229471E-01  2.9096660937E-04
           DelSqRho = -2.2863130464E+01
           Bond Ellipticity = NA
           V = -5.7385315988E+00
           G =  1.1374491349E-02
           K =  5.7271571074E+00
           L =  5.7157826161E+00
           Vnuc =  4.1714813095E+01
           Ven = -1.6337608857E+01
           Vrep =  1.0599077258E+01
           DelSqV =  1.4671153745E+03
           DelSqVen =  9.5373121409E+02
           DelSqVrep =  5.1338416039E+02
           DelSqG =  1.1212542493E+02
           DelSqK = -1.5792407994E+03
           Stress_EigVals = -1.9995130214E+00 -1.9967922436E+00 -1.7422263337E+00
           Stress_EigVec1 =  6.8304761138E-05 -2.8436462601E-04  9.9999995724E-01
           Stress_EigVec2 =  9.3523812398E-01  3.5401927927E-01  3.6789344859E-05
           Stress_EigVec3 = -3.5401927459E-01  9.3523808148E-01  2.9012984167E-04
           -DivStress = -6.2637613047E+00  1.6597979738E+01  5.1446426157E-03
           ESP =  -9.6871283337E-01     ESP at Nucleus =  -9.6984426503E-01
           ESPe = -1.5271058366E+01     ESPe at Nucleus = -1.5151600111E+01
           ESPn =  1.4302345533E+01     ESPn at Nucleus =  1.4181755846E+01

CP# 12     Coords = -2.10448110669836E+00 -2.34363637195772E+00  1.60926896676116E-05
           Type = (3,-3) NACP N12
           Rho =  1.9819004395E+02     Rho at Nucleus =  1.9819004387E+02
           GradRho =  7.8549161620E-10  3.4318592412E-10 -2.6920943773E-12
           HessRho_EigVals = -7.3745194945E+05 -7.3745148452E+05 -7.3744089391E+05
           HessRho_EigVec1 = -6.4795910412E-01  7.6167512496E-01 -5.8378872021E-05
           HessRho_EigVec2 =  7.6167512103E-01  6.4795910672E-01  7.7559210659E-05
           HessRho_EigVec3 = -9.6902043236E-05 -5.7894622423E-06  9.9999999529E-01
           DelSqRho = -2.2123443279E+06
           Bond Ellipticity = NA
           V = -5.5314397302E+05
           G =  2.8945525740E+01
           K =  5.5311502750E+05
           L =  5.5308608197E+05
           Vnuc =  1.5021422024E+07
           Ven = -2.9770962910E+09
           Vrep =  2.9765431471E+09
           DelSqV =  7.8761513286E+10
           DelSqVen =  3.3232554820E+13
           DelSqVrep = -3.3153793306E+13
           DelSqG =  2.0584856019E+09
           DelSqK = -8.0819998888E+10
           Stress_EigVals = -1.8438278663E+05 -1.8438064689E+05 -1.8438053950E+05
           Stress_EigVec1 = -9.8236410443E-05  4.9409916622E-06  9.9999999516E-01
           Stress_EigVec2 =  8.6074339557E-01  5.0903909502E-01  8.2041183966E-05
           Stress_EigVec3 = -5.0903909215E-01  8.6074339946E-01 -5.4259099411E-05
           -DivStress = -1.1754905759E+04 -2.8007864863E+03  3.6360787116E+01
           ESP =  -1.8303343113E+01     ESP at Nucleus =  -1.8303343113E+01
           ESPe = -3.2074106849E+01     ESPe at Nucleus = -3.2074106328E+01
           ESPn =  1.3770763736E+01     ESPn at Nucleus =  1.3770763215E+01

CP# 13     Coords = -3.14131907594517E+00  5.77999315221898E-02 -1.14679636579159E-04
           Type = (3,-3) NACP C13
           Rho =  1.2216919768E+02     Rho at Nucleus =  1.2216919642E+02
           GradRho = -4.1961101260E-11  1.0140777107E-12  1.6107991677E-15
           HessRho_EigVals = -3.2294700019E+05 -3.2294558460E+05 -3.2294394079E+05
           HessRho_EigVec1 =  3.6222569476E-05 -1.0815854289E-04  9.9999999349E-01
           HessRho_EigVec2 =  1.3497992967E-01  9.9084832751E-01  1.0227939211E-04
           HessRho_EigVec3 =  9.9084833212E-01 -1.3497992509E-01 -5.0490304896E-05
           DelSqRho = -9.6883652558E+05
           Bond Ellipticity = NA
           V = -2.4222575839E+05
           G =  8.3134974817E+00
           K =  2.4221744489E+05
           L =  2.4220913140E+05
           Vnuc =  2.1425797386E+06
           Ven = -2.6175724763E+08
           Vrep =  2.6151502187E+08
           DelSqV =  2.3763363819E+10
           DelSqVen =  2.0758094889E+12
           DelSqVrep = -2.0520461333E+12
           DelSqG =  6.4038368086E+08
           DelSqK = -2.4403747499E+10
           Stress_EigVals = -8.0742511540E+04 -8.0741937694E+04 -8.0741309157E+04
           Stress_EigVec1 =  9.9163030573E-01 -1.2910977902E-01 -4.1384459616E-05
           Stress_EigVec2 =  1.2910978147E-01  9.9163030425E-01  6.3367727590E-05
           Stress_EigVec3 =  3.2856690974E-05 -6.8180497621E-05  9.9999999714E-01
           -DivStress = -2.1386468417E+04  4.7396041000E+03  8.2555902051E-01
           ESP =  -1.4599319196E+01     ESP at Nucleus =  -1.4599319214E+01
           ESPe = -3.0102851272E+01     ESPe at Nucleus = -3.0102849660E+01
           ESPn =  1.5503532075E+01     ESPn at Nucleus =  1.5503530446E+01

CP# 14     Coords = -3.33511841133264E+00 -3.74622868269624E+00 -2.75599506731512E-04
           Type = (3,-3) NACP H14
           Rho =  4.2233594858E-01     Rho at Nucleus =  4.1652403810E-01
           GradRho =  2.0445398846E-12  2.2652704365E-12  4.6349981687E-16
           HessRho_EigVals = -8.5299312886E+00 -8.5041688443E+00 -7.3327723804E+00
           HessRho_EigVec1 =  7.4495412109E-01 -6.6711569960E-01  2.8611069726E-05
           HessRho_EigVec2 = -1.2367109033E-04 -9.5213197744E-05  9.9999998782E-01
           HessRho_EigVec3 =  6.6711568875E-01  7.4495411555E-01  1.5343238999E-04
           DelSqRho = -2.4366872513E+01
           Bond Ellipticity = NA
           V = -6.1206734564E+00
           G =  1.4477664040E-02
           K =  6.1061957923E+00
           L =  6.0917181283E+00
           Vnuc =  3.9657985675E+01
           Ven = -1.6748992999E+01
           Vrep =  1.0628319543E+01
           DelSqV =  1.5542370528E+03
           DelSqVen =  9.6634108107E+02
           DelSqVrep =  5.8789597170E+02
           DelSqG =  1.1831061078E+02
           DelSqK = -1.6725476636E+03
           Stress_EigVals = -2.1437019161E+00 -2.1398416204E+00 -1.8371299199E+00
           Stress_EigVec1 = -1.2497284931E-04 -9.1102338269E-05  9.9999998804E-01
           Stress_EigVec2 =  7.4430733453E-01 -6.6783724869E-01  3.2176673805E-05
           Stress_EigVec3 =  6.6783723777E-01  7.4430732965E-01  1.5126966241E-04
           -DivStress = -1.3422980858E+01 -1.4826403544E+01 -3.0168776915E-03
           ESP =  -9.6337926867E-01     ESP at Nucleus =  -9.6598478018E-01
           ESPe = -1.4742710792E+01     ESPe at Nucleus = -1.4613354187E+01
           ESPn =  1.3779331523E+01     ESPn at Nucleus =  1.3647369407E+01

CP# 15     Coords = -5.39768504360825E+00  4.26114200672549E-01  6.94516845904466E-05
           Type = (3,-3) NACP O15
           Rho =  3.0206462417E+02     Rho at Nucleus =  3.0206459890E+02
           GradRho =  3.2245850434E-10 -4.9490966880E-12  4.8165681513E-16
           HessRho_EigVals = -1.5048190444E+06 -1.5048187873E+06 -1.5047940234E+06
           HessRho_EigVec1 =  9.8785832389E-01 -1.5526268538E-01 -5.4249836707E-03
           HessRho_EigVec2 =  5.3635339300E-03 -8.1469800396E-04  9.9998528428E-01
           HessRho_EigVec3 =  1.5526482031E-01  9.8787288393E-01 -2.7950476456E-05
           DelSqRho = -4.5144318552E+06
           Bond Ellipticity = NA
           V = -1.1287570297E+06
           G =  7.4532938778E+01
           K =  1.1286824967E+06
           L =  1.1286079638E+06
           Vnuc =  1.3803909440E+06
           Ven = -4.1696727172E+08
           Vrep =  4.1583851469E+08
           DelSqV =  2.1997897369E+11
           DelSqVen =  6.2316808397E+12
           DelSqVrep = -6.0117018639E+12
           DelSqG =  5.6241721252E+09
           DelSqK = -2.2560314582E+11
           Stress_EigVals = -3.7625664969E+05 -3.7625050845E+05 -3.7624987154E+05
           Stress_EigVec1 =  1.5641313881E-01  9.8769171772E-01 -2.7522710635E-05
           Stress_EigVec2 =  6.6442537447E-04 -7.7354251816E-05  9.9999977628E-01
           Stress_EigVec3 =  9.8769149462E-01 -1.5641312210E-01 -6.6834666073E-04
           -DivStress = -4.1430686129E+05  6.9166329203E+04  4.6872721591E+01
           ESP =  -2.2365945760E+01     ESP at Nucleus =  -2.2365946143E+01
           ESPe = -3.3123437798E+01     ESPe at Nucleus = -3.3123424347E+01
           ESPn =  1.0757492038E+01     ESPn at Nucleus =  1.0757478205E+01

CP# 16     Coords =  1.69855608152238E+00  3.23884827287953E-01  1.73395902395774E-05
           Type = (3,-1) BCP C7 C5
           Rho =  2.7915547099E-01
           GradRho =  4.9439619065E-17 -1.0408340856E-16  1.0164395367E-20
           HessRho_EigVals = -5.7940976360E-01 -5.1404991339E-01  3.3139966856E-01
           HessRho_EigVec1 =  9.3647659468E-01  3.5073007796E-01 -5.2995675744E-06
           HessRho_EigVec2 = -7.3796943655E-06  3.4814460999E-05  9.9999999937E-01
           HessRho_EigVec3 = -3.5073007792E-01  9.3647659405E-01 -3.5191208662E-05
           DelSqRho = -7.6206000843E-01
           Bond Ellipticity =  1.2714689470E-01
           V = -3.3433332071E-01
           G =  7.1909159301E-02
           K =  2.6242416141E-01
           L =  1.9051500211E-01
           Vnuc =  2.1582587229E+01
           Ven = -6.0248973033E+00
           Vrep =  5.6905639826E+00
           DelSqV = -1.1906230629E+00
           DelSqVen =  1.6447226606E+01
           DelSqVrep = -1.7637849669E+01
           DelSqG =  1.2284131408E+00
           DelSqK = -3.7790077932E-02
           Stress_EigVals = -2.0145679065E-01 -1.9892970728E-01  6.6053177223E-02
           Stress_EigVec1 = -1.2683395462E-04 -1.0116161821E-05  9.9999999191E-01
           Stress_EigVec2 =  9.3514240159E-01  3.5427203365E-01  1.2219168313E-04
           Stress_EigVec3 = -3.5427203202E-01  9.3514240951E-01 -3.5473671179E-05
           -DivStress =  1.6718851224E-02 -5.4118705612E-02  1.2964959919E-06
           ESP =   8.0888229628E-01
           ESPe = -2.0773704933E+01
           ESPn =  2.1582587229E+01
           BPL =  2.7668064055E+00 =  1.4304573056E+00 +  1.3363490999E+00                
           GBL_I =  2.7663761011E+00                                                      
           GBL_II =  2.7663753140E+00                                                     
           GBL_III =  2.7665359770E+00 =  1.4302485131E+00 +  1.3362874638E+00            
           GBL_IV =  2.7665352126E+00 =  1.4302470913E+00 +  1.3362881212E+00             

