AIMSum (Version 16.05.18, Professional)
Copyright (c) 1997-2016 by Todd A. Keith
AIMSum is a component of the AIMAll package ( http://aim.tkgristmill.com )

TP:  64-bit Linux

Licensed To:  Masaryk University, CEITEC MU (LR:  Prof. Jaroslav Koca)

Much of the Quantum Theory of Atoms in Molecules (QTAIM) is described in the book:
  "Atoms in Molecules - A Quantum Theory"
  R.F.W. Bader, Oxford University Press, Oxford, 1990

For additional references see:  http://aim.tkgristmill.com/references.html

Wfx File:  /scratch/joseph/job_3459534.arien-pro.ics.muni.cz/main/a.wfx
Sum File:  /scratch/joseph/job_3459534.arien-pro.ics.muni.cz/main/a.sum

SumViz File:  /scratch/joseph/job_3459534.arien-pro.ics.muni.cz/main/a.sumviz

Wfx Title:  Title                                                                          
 
Total memory allocated for AIMSum =        0.762 Megabytes

Atomic units (a.u.) used throughout, except where stated otherwise

Model:  Restricted M062X
 
Restricted, closed-shell, single-determinant wavefunction.
  Number of electrons (from MO Occs)                   =          66.0000000000
  Number of Alpha electrons (from MO Occs)             =          33.0000000000
  Number of Beta electrons (from MO Occs)              =          33.0000000000
  Number of electron pairs (N*(N-1)/2)                 =        2145.0000000000
  Number of electron pairs (from Muller 2EDM)          =        2145.0000000000
 
Nuclear Charges and Cartesian Coordinates:
-------------------------------------------------------------------------------
Atom      Charge                X                  Y                  Z
-------------------------------------------------------------------------------
H1         1.0           5.8217359900E+00  -4.6158450500E-01  -1.6558158300E+00
H2         1.0          -2.0455340500E+00   3.7330783900E+00  -1.1338356800E-04
O3         8.0          -5.4094922300E+00   4.3592202400E-01  -4.1573974900E-04
N4         7.0          -1.3654216200E+00   1.9456809200E+00   1.7007535200E-04
C5         6.0          -3.1618897700E+00   5.4008372900E-02   6.2360962400E-04
O6         8.0           2.6131133000E+00   3.5318414500E+00  -1.5117809100E-04
C7         6.0           1.2641889900E+00   1.6877144100E+00   9.4486306600E-05
N8         7.0          -2.1150003900E+00  -2.3353424500E+00   7.5589045300E-05
H9         1.0          -3.3690226500E+00  -3.7686808300E+00  -3.5904796500E-04
C10        6.0           2.1704260500E+00  -9.3303338100E-01   5.6691784000E-05
C11        6.0           4.4775171000E-01  -2.7903885100E+00  -5.6691784000E-05
H12        1.0           9.7691282200E-01  -4.7662294600E+00  -3.2125344300E-04
C13        6.0           4.9649152600E+00  -1.3413465100E+00  -5.6691784000E-05
H14        1.0           5.4156905400E+00  -3.3501631800E+00  -5.6691784000E-04
H15        1.0           5.8217359900E+00  -4.6243488200E-01   1.6561559800E+00
 
Some Atomic Properties:
----------------------
  q(A) = Net Charge of Atom A
  L(A) = Lagrangian of Atom A = -(1/4) Times Atomic Integral of the Laplacian of the Electron Density
  K(A) = Electronic Kinetic Energy of Atom A (Hamiltonian Form)
  K_Scaled(A) = K(A) * E(Mol)/K(Mol) = Approximation to Virial-Based Total Energy of Atom A.
  |Mu_Intra(A)| = Magnitude of Intraatomic Dipole Moment of Atom A
--------------------------------------------------------------------------------------------------
Atom A          q(A)              L(A)              K(A)          K_Scaled(A)      |Mu_Intra(A)|
--------------------------------------------------------------------------------------------------
H1        3.3024850400E-02  2.2317115780E-05  6.0490907254E-01 -6.0751999512E-01  1.4194929350E-01
H2        4.5380199400E-01  2.3086135219E-05  4.3051165858E-01 -4.3236984299E-01  1.5729314185E-01
O3       -1.1905691583E+00  3.4171698805E-05  7.5604964393E+01 -7.5931292295E+01  3.9490549353E-01
N4       -1.1948983523E+00 -1.0968879101E-04  5.5219606141E+01 -5.5457946286E+01  3.3381235775E-02
C5        1.8855473966E+00  3.0699785169E-04  3.6773015238E+01 -3.6931735779E+01  2.2635363827E-01
O6       -1.1682398810E+00  4.0737355414E-05  7.5592103849E+01 -7.5918376241E+01  3.9445880040E-01
C7        1.4043508003E+00  6.1726458521E-04  3.7051413546E+01 -3.7211335717E+01  7.4709972088E-01
N8       -1.2127681190E+00  2.0117708629E-04  5.5216843720E+01 -5.5455171942E+01  4.0326173075E-02
H9        4.4607499539E-01  2.3348309859E-05  4.3811207393E-01 -4.4000306343E-01  1.5764689763E-01
C10      -7.9331830000E-04 -2.3403877023E-04  3.7926041654E+01 -3.8089738914E+01  1.4125047825E-01
C11       3.9507992670E-01 -4.6096312199E-04  3.7676199718E+01 -3.7838818605E+01  6.6001379039E-01
H12       6.2310171670E-02  2.1735947089E-05  5.9745997182E-01 -6.0003874241E-01  1.2758168215E-01
C13       5.3123081300E-02 -6.0352757275E-04  3.7810143554E+01 -3.7973340573E+01  1.4274262501E-01
H14       5.7512777000E-04  2.1869859581E-05  6.1795517511E-01 -6.2062240758E-01  1.4275735626E-01
H15       3.3004425070E-02  2.2665934538E-05  6.0491750725E-01 -6.0752846623E-01  1.4195184268E-01
--------------------------------------------------------------------------------------------------
Total    -3.7605970000E-04 -7.2846376505E-05  4.5216419727E+02 -4.5411583887E+02
 
Molecular charge q(Mol) from the wfx file:   0.0000000000E+00
Molecular energy E(Mol) from the wfx file:  -4.5411593018E+02
Molecular virial ratio (-V(Mol)/T(Mol)) from the wfx file:   2.0043162232E+00
Note.  K_Scaled(A) = (1+V(Mol)/T(Mol))*K(A) = (E(Mol)/T(Mol))*K(A)
       Only use K_Scaled(A) data with caution.
 
N_AIMInt(SumA)     =         66.000376
N_Analytic(Mol)    =         66.000000
 
G_AIMInt(SumA)     =        452.164270
G_Analytic(Mol)    =        452.164288
 
K_AIMInt(SumA)     =        452.164197
K_Analytic(Mol)    =        452.164288
 
L_AIMInt(SumA)     =         -0.000073
L_Analytic(Mol)    =          0.000000
 
VenT_AIMInt(SumA)  =      -1942.435058
VenT_Analytic(Mol) =      -1942.433925
 
Some Information About the Atomic Calculations:
----------------------------------------------
  Time(sec) = "Elapsed User Time", in Seconds, for Atom A by AIMInt and, if used, by TWOe
  NProc = Number of Processors Used for AIMInt Job
  BIM = Basin Integration Method
  OAQ = Angular Quadrature Outside of Beta Sphere
  ORQ = Multiple of Default for Radial Quadrature Outside of Beta Sphere
  IAQ = Multiple of Default for Angular Quadrature Inside of Beta Sphere
  IRQ = Multiple of Default for Radial Quadrature Inside of Beta Sphere
  MIR = Maximum Integration Radius
------------------------------------------------------------------------------------------------------
Atom A     Time(sec)   NProc      BIM              OAQ                 ORQ      IAQ      IRQ      MIR
------------------------------------------------------------------------------------------------------
H1            197        8     Proaim(5)    2030      (Very High)      Auto     Auto     Auto    13.00
H2            165        8     Proaim(5)    2030      (Very High)      Auto     Auto     Auto    13.00
O3            688        8     Proaim(5)    3074      (Very High)      Auto     Auto     Auto    13.00
N4            688        8     Proaim(5)    4334      (Very High)      Auto     Auto     Auto    13.00
C5            471        8     Proaim(5)    4334      (Very High)      Auto     Auto     Auto    13.00
O6            679        8     Proaim(5)    3074      (Very High)      Auto     Auto     Auto    13.00
C7            537        8     Proaim(5)    4334      (Very High)      Auto     Auto     Auto    13.00
N8            696        8     Proaim(5)    4334      (Very High)      Auto     Auto     Auto    13.00
H9            184        8     Proaim(5)    2030      (Very High)      Auto     Auto     Auto    13.00
C10           696        8     Proaim(5)    4334      (Very High)      Auto     Auto     Auto    13.00
C11           777        8     Proaim(5)    4334      (Very High)      Auto     Auto     Auto    13.00
H12           188        8     Proaim(5)    2030      (Very High)      Auto     Auto     Auto    13.00
C13           612        8     Proaim(5)    4334      (Very High)      Auto     Auto     Auto    13.00
H14           186        8     Proaim(5)    2030      (Very High)      Auto     Auto     Auto    13.00
H15           180        8     Proaim(5)    2030      (Very High)      Auto     Auto     Auto    13.00
------------------------------------------------------------------------------------------------------
Total        6944
Note:  Total wall clock time is less than total of atomic times if more than one atom
       was calculated at a time
Note:  Total time does not include times for diatomic interaction energy calculations (6095 seconds)
 
Electron Density Critical Point Analysis of Molecular Structure:               
---------------------------------------------------------------                
  NACP = Nuclear Attractor Critical Point                                      
  NNACP = Non-Nuclear Attractor Critical Point                                 
  BCP = Bond Critical Point                                                    
  RCP = Ring Critical Point                                                    
  CCP = Cage Critical Point                                                    
  Rho = Electron Density                                                       
  GradRho = Gradient of Electron Density                                       
  HessRho_EigVals = Eigenvalues of the Hessian of Rho, Ascending Order         
  HessRho_EigVecs = Eigenvectors of the Hessian of Rho                         
  DelSqRho = Laplacian of Rho = Trace of Hessian of Rho                        
  Bond Ellipticity = (HessRho_EigVal(1) / HessRho_EigVal(2)) - 1               
  V = Virial Field = Potential Energy Density = Trace of Stress Tensor         
  G = Lagrangian Form of Kinetic Energy Density                                
  K = Hamiltonian Form of Kinetic Energy Density                               
  L = K - G = Lagrangian Density = (-1/4)DelSqRho                              
  Vnuc = Electrostatic Potential from Nuclei                                   
  Ven = Electron-nuclear attractive contribution to Virial Field V             
  Vrep = V - Ven = Repulsive contribution to Virial Field V                    
  DelSqV = Laplacian of V                                                      
  DelSqVen = Laplacian of Ven                                                  
  DelSqVrep = Laplacian of Vrep                                                
  DelSqG = Laplacian of G                                                      
  DelSqK = Laplacian of K                                                      
  Stress_EigVals = Eigenvalues of Stress Tensor, Ascending Order               
  Stress_EigVecs = Eigenvectors of Stress Tensor                               
  -DivStress = Ehrenfest Force Density = Minus Divergence of Stress Tensor     
  ESP = Total Electrostatic Potential                                          
  ESPe = Electrostatic Potential from Electrons                                
  ESPn = Electrostatic Potential from Nuclei                                   
  BP = Bond Path                                                               
  BPL = Bond Path Length                                                       
  GBL = Geometric Bond Length                                                  
  GBL_I = Distance Between Nuclear Attractors                                  
  GBL_II = Distance Between Nuclei                                             
  GBL_III = Sum of Distances Between BCP and Nuclear Attractors                
  GBL_IV = Sum of Distances Between BCP and Nuclei                             

CP# 1      Coords =  5.81028046819206E+00 -4.73474054848194E-01 -1.63408216239866E+00
           Type = (3,-3) NACP H1
           Rho =  4.3707375351E-01     Rho at Nucleus =  4.3390607652E-01
           GradRho = -7.2923462928E-10 -7.5520098508E-10  1.3829495812E-09
           HessRho_EigVals = -8.9642199158E+00 -8.9617228253E+00 -8.2675395315E+00
           HessRho_EigVec1 = -9.0180830904E-01  2.8970198832E-01 -3.2064705161E-01
           HessRho_EigVec2 = -9.3112756651E-02 -8.5484167693E-01 -5.1046618099E-01
           HessRho_EigVec3 = -4.2198553091E-01 -4.3048631261E-01  7.9787827791E-01
           DelSqRho = -2.6193482272E+01
           Bond Ellipticity = NA
           V = -6.5615585498E+00
           G =  6.5939908329E-03
           K =  6.5549645590E+00
           L =  6.5483705681E+00
           Vnuc =  4.8764537584E+01
           Ven = -2.1313699480E+01
           Vrep =  1.4752140931E+01
           DelSqV =  1.7098881452E+03
           DelSqVen =  1.2773130554E+03
           DelSqVrep =  4.3257508982E+02
           DelSqG =  1.3128298504E+02
           DelSqK = -1.8411711303E+03
           Stress_EigVals = -2.2463080502E+00 -2.2459954774E+00 -2.0692550221E+00
           Stress_EigVec1 = -7.4704615701E-01 -3.3294763761E-01 -5.7538501016E-01
           Stress_EigVec2 =  5.1341847928E-01 -8.3878339001E-01 -1.8122883264E-01
           Stress_EigVec3 = -4.2228367768E-01 -4.3079959988E-01  7.9755137785E-01
           -DivStress =  6.3547371466E+00  6.5922283597E+00 -1.2054175864E+01
           ESP =  -1.1025926729E+00     ESP at Nucleus =  -1.1038793459E+00
           ESPe = -1.3228555550E+01     ESPe at Nucleus = -1.3166247994E+01
           ESPn =  1.2125962877E+01     ESPn at Nucleus =  1.2062368648E+01

CP# 2      Coords = -2.03200273241113E+00  3.69701481187516E+00 -1.07218659496973E-04
           Type = (3,-3) NACP H2
           Rho =  4.1770834078E-01     Rho at Nucleus =  4.1198875627E-01
           GradRho =  1.4923826064E-14 -4.5654452441E-14  7.5081000445E-18
           HessRho_EigVals = -8.4457125126E+00 -8.4226154305E+00 -7.2653357031E+00
           HessRho_EigVec1 =  9.3576051638E-01  3.5263611082E-01 -1.7125394192E-04
           HessRho_EigVec2 =  1.0506869948E-04  2.0682736280E-04  9.9999997309E-01
           HessRho_EigVec3 = -3.5263613675E-01  9.3576050920E-01 -1.5648986227E-04
           DelSqRho = -2.4133663646E+01
           Bond Ellipticity = NA
           V = -6.0609573382E+00
           G =  1.3770713320E-02
           K =  6.0471866249E+00
           L =  6.0334159116E+00
           Vnuc =  4.0491111621E+01
           Ven = -1.6913475051E+01
           Vrep =  1.0852517713E+01
           DelSqV =  1.5400633274E+03
           DelSqVen =  9.7719886851E+02
           DelSqVrep =  5.6286445887E+02
           DelSqG =  1.1731682764E+02
           DelSqK = -1.6573801550E+03
           Stress_EigVals = -2.1218064542E+00 -2.1184897947E+00 -1.8206610893E+00
           Stress_EigVec1 =  1.4923027508E-04  2.2568113883E-04  9.9999996340E-01
           Stress_EigVec2 =  9.3601420454E-01  3.5196215832E-01 -2.1911288596E-04
           Stress_EigVec3 = -3.5196219488E-01  9.3601420298E-01 -1.5871734194E-04
           -DivStress = -6.9384333138E+00  1.8491379032E+01 -3.1613068863E-03
           ESP =  -9.7967587078E-01     ESP at Nucleus =  -9.8224570054E-01
           ESPe = -1.5509266458E+01     ESPe at Nucleus = -1.5379129352E+01
           ESPn =  1.4529590587E+01     ESPn at Nucleus =  1.4396883651E+01

CP# 3      Coords = -5.40948652859437E+00  4.35921020013282E-01 -4.15736020130216E-04
           Type = (3,-3) NACP O3
           Rho =  3.0206127484E+02     Rho at Nucleus =  3.0206124963E+02
           GradRho = -3.8581404738E-10  2.4811354360E-11 -2.6072893844E-15
           HessRho_EigVals = -1.5048001660E+06 -1.5048001177E+06 -1.5047756128E+06
           HessRho_EigVec1 =  9.7330382385E-01 -1.5997944083E-01  1.6457899317E-01
           HessRho_EigVec2 = -1.6240467119E-01  2.6663994876E-02  9.8636390554E-01
           HessRho_EigVec3 =  1.6218627949E-01  9.8676015824E-01  2.9240313143E-05
           DelSqRho = -4.5143758964E+06
           Bond Ellipticity = NA
           V = -1.1287431318E+06
           G =  7.4578833532E+01
           K =  1.1286685529E+06
           L =  1.1285939741E+06
           Vnuc =  1.3819109004E+06
           Ven = -4.1742176830E+08
           Vrep =  4.1629302517E+08
           DelSqV =  2.1997625382E+11
           DelSqVen =  6.2384652595E+12
           DelSqVrep = -6.0184890036E+12
           DelSqG =  5.6240950414E+09
           DelSqK = -2.2560034887E+11
           Stress_EigVals = -3.7625195437E+05 -3.7624587736E+05 -3.7624530004E+05
           Stress_EigVec1 =  1.6363115496E-01  9.8652158833E-01  2.9887213893E-05
           Stress_EigVec2 = -4.1096184072E-03  6.5135386682E-04  9.9999134335E-01
           Stress_EigVec3 =  9.8651302889E-01 -1.6362986129E-01  4.1608090640E-03
           -DivStress = -4.1321636951E+05  7.2764482771E+04 -2.7022229781E+02
           ESP =  -2.2366051962E+01     ESP at Nucleus =  -2.2366052348E+01
           ESPe = -3.3116168407E+01     ESPe at Nucleus = -3.3116154956E+01
           ESPn =  1.0750116446E+01     ESPn at Nucleus =  1.0750102608E+01

CP# 4      Coords = -1.36542195952551E+00  1.94568052781383E+00  1.70077139690103E-04
           Type = (3,-3) NACP N4
           Rho =  1.9829437230E+02     Rho at Nucleus =  1.9829437220E+02
           GradRho = -8.7716056640E-10 -9.0585006163E-10  4.2472310391E-12
           HessRho_EigVals = -7.3786232407E+05 -7.3786159200E+05 -7.3785224914E+05
           HessRho_EigVec1 =  7.1426278548E-01  6.9987745859E-01 -4.6500310754E-04
           HessRho_EigVec2 = -6.9987756717E-01  7.1426282161E-01 -1.1241876500E-04
           HessRho_EigVec3 =  2.5345507211E-04  4.0574178386E-04  9.9999988557E-01
           DelSqRho = -2.2135761652E+06
           Bond Ellipticity = NA
           V = -5.5345166409E+05
           G =  2.8811396256E+01
           K =  5.5342285270E+05
           L =  5.5339404130E+05
           Vnuc =  1.3494261321E+07
           Ven = -2.6758360782E+09
           Vrep =  2.6752826266E+09
           DelSqV =  7.8805332045E+10
           DelSqVen =  2.9870570602E+13
           DelSqVrep = -2.9791767368E+13
           DelSqG =  2.0596977835E+09
           DelSqK = -8.0865029829E+10
           Stress_EigVals = -1.8448517986E+05 -1.8448331096E+05 -1.8448317328E+05
           Stress_EigVec1 =  3.0304128754E-04  4.5686974360E-04  9.9999984972E-01
           Stress_EigVec2 =  8.1920609299E-01 -5.7349923890E-01  1.3761183117E-05
           Stress_EigVec3 =  5.7349915900E-01  8.1920596571E-01 -5.4806442542E-04
           -DivStress =  8.8138763692E+03  1.0174160701E+04 -4.6392478334E+01
           ESP =  -1.8320769583E+01     ESP at Nucleus =  -1.8320769585E+01
           ESPe = -3.2766164486E+01     ESPe at Nucleus = -3.2766164146E+01
           ESPn =  1.4445394902E+01     ESPn at Nucleus =  1.4445394561E+01

CP# 5      Coords = -3.16188696093222E+00  5.40078192463519E-02  6.23610295662242E-04
           Type = (3,-3) NACP C5
           Rho =  1.2217034687E+02     Rho at Nucleus =  1.2217034554E+02
           GradRho = -6.7227556855E-11  6.8911543138E-13  8.8271404075E-15
           HessRho_EigVals = -3.2295026618E+05 -3.2294884609E+05 -3.2294720346E+05
           HessRho_EigVec1 = -2.8916665837E-04  1.6139654022E-05  9.9999995806E-01
           HessRho_EigVec2 =  1.5915520455E-01  9.8725357430E-01  3.0088448802E-05
           HessRho_EigVec3 =  9.8725353241E-01 -1.5915520658E-01  2.8804952698E-04
           DelSqRho = -9.6884631573E+05
           Bond Ellipticity = NA
           V = -2.4222820277E+05
           G =  8.3119171255E+00
           K =  2.4221989085E+05
           L =  2.4221157893E+05
           Vnuc =  2.0956393160E+06
           Ven = -2.5602498215E+08
           Vrep =  2.5578275394E+08
           DelSqV =  2.3763603794E+10
           DelSqVen =  2.0303523799E+12
           DelSqVrep = -2.0065887761E+12
           DelSqG =  6.4039062750E+08
           DelSqK = -2.4403994422E+10
           Stress_EigVals = -8.0743330716E+04 -8.0742749082E+04 -8.0742122969E+04
           Stress_EigVec1 =  9.8753041756E-01 -1.5742811516E-01  2.5089424267E-04
           Stress_EigVec2 =  1.5742811396E-01  9.8753044932E-01  2.4645385541E-05
           Stress_EigVec3 = -2.5164558079E-04  1.5159739553E-05  9.9999996822E-01
           -DivStress = -2.1974200775E+04  4.3309151180E+03 -5.2527799580E+00
           ESP =  -1.4600564237E+01     ESP at Nucleus =  -1.4600564250E+01
           ESPe = -3.0080007862E+01     ESPe at Nucleus = -3.0080006227E+01
           ESPn =  1.5479443625E+01     ESPn at Nucleus =  1.5479441977E+01

CP# 6      Coords =  2.61310986240971E+00  3.53183702281087E+00 -1.51177499512567E-04
           Type = (3,-3) NACP O6
           Rho =  3.0210167166E+02     Rho at Nucleus =  3.0210164802E+02
           GradRho = -3.6006753135E-12  3.8009595471E-11 -1.0695437591E-14
           HessRho_EigVals = -1.5050221779E+06 -1.5050159194E+06 -1.5049904174E+06
           HessRho_EigVec1 =  1.2606742497E-04  8.6122352084E-05  9.9999998834E-01
           HessRho_EigVec2 =  6.0199465403E-01  7.9850010369E-01 -1.4466062463E-04
           HessRho_EigVec3 =  7.9850010684E-01 -6.0199466525E-01 -4.8819656361E-05
           DelSqRho = -4.5150285148E+06
           Bond Ellipticity = NA
           V = -1.1289060554E+06
           G =  7.4463341913E+01
           K =  1.1288315920E+06
           L =  1.1287571287E+06
           Vnuc =  1.4272855039E+06
           Ven = -4.3118533666E+08
           Vrep =  4.3005643060E+08
           DelSqV =  2.2000804991E+11
           DelSqVen =  6.4442347418E+12
           DelSqVrep = -6.2242266918E+12
           DelSqG =  5.6249707893E+09
           DelSqK = -2.2563302070E+11
           Stress_EigVals = -3.7630691196E+05 -3.7630009487E+05 -3.7629904854E+05
           Stress_EigVec1 =  7.9716230841E-01 -6.0376506333E-01 -4.8497389887E-05
           Stress_EigVec2 =  6.0376504951E-01  7.9716230338E-01 -1.6446958496E-04
           Stress_EigVec3 =  1.3796128041E-04  1.0182792500E-04  9.9999998530E-01
           -DivStress =  2.4918058314E+05  3.2091518066E+05 -4.2872383433E+01
           ESP =  -2.2366493809E+01     ESP at Nucleus =  -2.2366494173E+01
           ESPe = -3.3664824961E+01     ESPe at Nucleus = -3.3664812084E+01
           ESPn =  1.1298331151E+01     ESPn at Nucleus =  1.1298317912E+01

CP# 7      Coords =  1.26418615529692E+00  1.68771485636950E+00  9.44865061606068E-05
           Type = (3,-3) NACP C7
           Rho =  1.2223599296E+02     Rho at Nucleus =  1.2223599163E+02
           GradRho = -3.0582938959E-11  3.1359914665E-11  1.3372007494E-15
           HessRho_EigVals = -3.2312916866E+05 -3.2312710638E+05 -3.2312499034E+05
           HessRho_EigVec1 =  9.2855543624E-05  7.0830318066E-05  9.9999999318E-01
           HessRho_EigVec2 =  9.9477640861E-01 -1.0207786057E-01 -8.5140297455E-05
           HessRho_EigVec3 =  1.0207785384E-01  9.9477640973E-01 -7.9938824662E-05
           DelSqRho = -9.6938126538E+05
           Bond Ellipticity = NA
           V = -2.4236194365E+05
           G =  8.3136538336E+00
           K =  2.4235363000E+05
           L =  2.4234531634E+05
           Vnuc =  2.0908762485E+06
           Ven = -2.5558033438E+08
           Vrep =  2.5533797243E+08
           DelSqV =  2.3776709460E+10
           DelSqVen =  2.0268562555E+12
           DelSqVrep = -2.0030795460E+12
           DelSqG =  6.4075571996E+08
           DelSqK = -2.4417465180E+10
           Stress_EigVals = -8.0788034018E+04 -8.0787330355E+04 -8.0786579279E+04
           Stress_EigVec1 =  1.9668493119E-01  9.8046674146E-01 -8.2030008596E-05
           Stress_EigVec2 =  9.8046674097E-01 -1.9668493720E-01 -7.3016506429E-05
           Stress_EigVec3 =  8.7724323221E-05  6.6066448646E-05  9.9999999397E-01
           -DivStress =  2.2186200556E+04 -3.4936695669E+03 -1.5618028348E+00
           ESP =  -1.4636440540E+01     ESP at Nucleus =  -1.4636440564E+01
           ESPe = -3.0387561568E+01     ESPe at Nucleus = -3.0387560934E+01
           ESPn =  1.5751121028E+01     ESPn at Nucleus =  1.5751120370E+01

CP# 8      Coords = -2.11499992435523E+00 -2.33534239887147E+00  7.55903375994045E-05
           Type = (3,-3) NACP N8
           Rho =  1.9819039649E+02     Rho at Nucleus =  1.9819039641E+02
           GradRho =  7.9664019825E-10  2.0606583107E-10  2.5102367830E-12
           HessRho_EigVals = -7.3745325493E+05 -7.3745277144E+05 -7.3744218594E+05
           HessRho_EigVec1 =  7.9944022829E-01 -6.0074551056E-01 -3.9106492121E-04
           HessRho_EigVec2 =  6.0074562958E-01  7.9944015589E-01  3.5453278529E-04
           HessRho_EigVec3 =  9.9649022464E-05 -5.1835831311E-04  9.9999986069E-01
           DelSqRho = -2.2123482123E+06
           Bond Ellipticity = NA
           V = -5.5314494925E+05
           G =  2.8948086491E+01
           K =  5.5311600116E+05
           L =  5.5308705308E+05
           Vnuc =  1.4943065698E+07
           Ven = -2.9615721155E+09
           Vrep =  2.9610189705E+09
           DelSqV =  7.8761651612E+10
           DelSqVen =  3.3059275538E+13
           DelSqVrep = -3.2980509693E+13
           DelSqG =  2.0584892043E+09
           DelSqK = -8.0820140816E+10
           Stress_EigVals = -1.8438311281E+05 -1.8438096289E+05 -1.8438087355E+05
           Stress_EigVec1 =  1.1935579386E-04 -5.6841603191E-04  9.9999983133E-01
           Stress_EigVec2 =  7.0380327652E-01  7.1039485196E-01  3.1979687799E-04
           Stress_EigVec3 =  7.1039491391E-01 -7.0380311964E-01 -4.8484280719E-04
           -DivStress = -1.2075018488E+04 -1.3245310015E+03 -3.3518051782E+01
           ESP =  -1.8304337815E+01     ESP at Nucleus =  -1.8304337815E+01
           ESPe = -3.2068108980E+01     ESPe at Nucleus = -3.2068108537E+01
           ESPn =  1.3763771165E+01     ESPn at Nucleus =  1.3763770722E+01

CP# 9      Coords = -3.34314528636801E+00 -3.74004750309701E+00 -3.49983671197063E-04
           Type = (3,-3) NACP H9
           Rho =  4.2278391749E-01     Rho at Nucleus =  4.1697975506E-01
           GradRho =  1.9974959187E-12  2.2160558978E-12  6.9905756192E-16
           HessRho_EigVals = -8.5387028434E+00 -8.5129195902E+00 -7.3422836684E+00
           HessRho_EigVec1 =  7.4563583328E-01 -6.6635362517E-01 -2.2439115702E-04
           HessRho_EigVec2 =  1.2151272629E-05 -3.2314781951E-04  9.9999994771E-01
           HessRho_EigVec3 =  6.6635366284E-01  7.4563579702E-01  2.3285354911E-04
           DelSqRho = -2.4393906102E+01
           Bond Ellipticity = NA
           V = -6.1275268590E+00
           G =  1.4525166734E-02
           K =  6.1130016922E+00
           L =  6.0984765255E+00
           Vnuc =  3.9688132146E+01
           Ven = -1.6779503987E+01
           Vrep =  1.0651977128E+01
           DelSqV =  1.5561351654E+03
           DelSqVen =  9.6814856894E+02
           DelSqVrep =  5.8798659647E+02
           DelSqG =  1.1844689635E+02
           DelSqK = -1.6745820618E+03
           Stress_EigVals = -2.1459198808E+00 -2.1420649536E+00 -1.8395420245E+00
           Stress_EigVec1 =  3.6926926281E-05 -3.4713164062E-04  9.9999993907E-01
           Stress_EigVec2 =  7.4490894797E-01 -6.6716609034E-01 -2.5910167310E-04
           Stress_EigVec3 =  6.6716613963E-01  7.4490891215E-01  2.3394507219E-04
           -DivStress = -1.3406564091E+01 -1.4837284667E+01 -4.6953540103E-03
           ESP =  -9.6461277975E-01     ESP at Nucleus =  -9.6722130101E-01
           ESPe = -1.4742056433E+01     ESPe at Nucleus = -1.4612889973E+01
           ESPn =  1.3777443653E+01     ESPn at Nucleus =  1.3645668672E+01

CP# 10     Coords =  2.17042597641045E+00 -9.33032697194563E-01  5.66921130050096E-05
           Type = (3,-3) NACP C10
           Rho =  1.2211570489E+02     Rho at Nucleus =  1.2211570481E+02
           GradRho = -6.0282445702E-11  8.4348905638E-10  4.1110436453E-13
           HessRho_EigVals = -3.2277415444E+05 -3.2277330218E+05 -3.2277256897E+05
           HessRho_EigVec1 = -3.6882495156E-05 -1.6221092479E-04  9.9999998616E-01
           HessRho_EigVec2 = -6.5594478222E-01  7.5480887185E-01  9.8245366252E-05
           HessRho_EigVec3 =  7.5480887734E-01  6.5594476953E-01  1.3424064430E-04
           DelSqRho = -9.6832002559E+05
           Bond Ellipticity = NA
           V = -2.4209773126E+05
           G =  8.8624338209E+00
           K =  2.4208886883E+05
           L =  2.4208000640E+05
           Vnuc =  8.7240660335E+06
           Ven = -1.0653454732E+09
           Vrep =  1.0651033754E+09
           DelSqV =  2.3750705580E+10
           DelSqVen =  8.4476866068E+12
           DelSqVrep = -8.4239353770E+12
           DelSqG =  6.3998429750E+08
           DelSqK = -2.4390689877E+10
           Stress_EigVals = -8.0699574141E+04 -8.0699317603E+04 -8.0698839520E+04
           Stress_EigVec1 =  7.7453450773E-01  6.3253165170E-01  7.6992438388E-05
           Stress_EigVec2 = -6.3253165619E-01  7.7453450478E-01  6.9489843606E-05
           Stress_EigVec3 = -1.5678774586E-05 -1.0252243638E-04  9.9999999462E-01
           -DivStress =  5.7311318082E+02 -5.3479862806E+03 -2.5721620741E+00
           ESP =  -1.4733755091E+01     ESP at Nucleus =  -1.4733755093E+01
           ESPe = -2.9717592056E+01     ESPe at Nucleus = -2.9717591695E+01
           ESPn =  1.4983836965E+01     ESPn at Nucleus =  1.4983836602E+01

CP# 11     Coords =  4.47747961081494E-01 -2.79038891001308E+00 -5.66915249433124E-05
           Type = (3,-3) NACP C11
           Rho =  1.2218376568E+02     Rho at Nucleus =  1.2218376338E+02
           GradRho = -3.4529046289E-12 -2.6110780205E-12  6.2471729179E-16
           HessRho_EigVals = -3.2297475435E+05 -3.2297389950E+05 -3.2297128119E+05
           HessRho_EigVec1 =  4.3593696117E-05 -1.3605652756E-04  9.9999998979E-01
           HessRho_EigVec2 =  9.3216408848E-01 -3.6203605355E-01 -8.9893847221E-05
           HessRho_EigVec3 =  3.6203606209E-01  9.3216408288E-01  1.1104451930E-04
           DelSqRho = -9.6891993504E+05
           Bond Ellipticity = NA
           V = -2.4224724574E+05
           G =  8.6309904602E+00
           K =  2.4223861475E+05
           L =  2.4222998376E+05
           Vnuc =  1.5914420673E+06
           Ven = -1.9444838464E+08
           Vrep =  1.9420613740E+08
           DelSqV =  2.3765409606E+10
           DelSqVen =  1.5419799388E+12
           DelSqVrep = -1.5182145292E+12
           DelSqG =  6.4042155409E+08
           DelSqK = -2.4405831161E+10
           Stress_EigVals = -8.0749732857E+04 -8.0748982352E+04 -8.0748530533E+04
           Stress_EigVec1 =  3.8107620286E-01  9.2454362614E-01  1.0475160174E-04
           Stress_EigVec2 =  9.2454363113E-01 -3.8107619490E-01 -8.8461785488E-05
           Stress_EigVec3 =  4.1868438131E-05 -1.3055810755E-04  9.9999999060E-01
           -DivStress =  2.9329447488E+04  3.1291123608E+03 -2.0261414630E+00
           ESP =  -1.4682234625E+01     ESP at Nucleus =  -1.4682234680E+01
           ESPe = -2.8816869521E+01     ESPe at Nucleus = -2.8816868702E+01
           ESPn =  1.4134634896E+01     ESPn at Nucleus =  1.4134634021E+01

CP# 12     Coords =  9.68681752702036E-01 -4.73830696808109E+00 -3.17465156391937E-04
           Type = (3,-3) NACP H12
           Rho =  4.4098734288E-01     Rho at Nucleus =  4.3736743135E-01
           GradRho = -6.7064409581E-15  2.3699792129E-14  3.2881819012E-18
           HessRho_EigVals = -9.0370837493E+00 -9.0272896441E+00 -8.2725539527E+00
           HessRho_EigVec1 =  9.6094226969E-01  2.7674889279E-01 -6.8268562358E-05
           HessRho_EigVec2 =  1.0149359040E-04 -1.0573093606E-04  9.9999998926E-01
           HessRho_EigVec3 = -2.7674888260E-01  9.6094226630E-01  1.2968956444E-04
           DelSqRho = -2.6336927346E+01
           Bond Ellipticity = NA
           V = -6.5956926834E+00
           G =  5.7304234264E-03
           K =  6.5899622600E+00
           L =  6.5842318365E+00
           Vnuc =  4.7408711690E+01
           Ven = -2.0906641798E+01
           Vrep =  1.4310949114E+01
           DelSqV =  1.7129738450E+03
           DelSqVen =  1.2485997954E+03
           DelSqVrep =  4.6437404968E+02
           DelSqG =  1.3154038646E+02
           DelSqK = -1.8445142315E+03
           Stress_EigVals = -2.2629332477E+00 -2.2626552842E+00 -2.0701041515E+00
           Stress_EigVec1 =  9.6063430539E-01  2.7781530008E-01 -6.2478346591E-04
           Stress_EigVec2 =  6.3649602760E-04  4.8029821503E-05  9.9999979628E-01
           Stress_EigVec3 = -2.7781527349E-01  9.6063450736E-01  1.3068924069E-04
           -DivStress =  4.5848648600E+00 -1.5558486452E+01 -2.1119753084E-03
           ESP =  -1.0440168547E+00     ESP at Nucleus =  -1.0454644649E+00
           ESPe = -1.4100758217E+01     ESPe at Nucleus = -1.4018098672E+01
           ESPn =  1.3056741362E+01     ESPn at Nucleus =  1.2972634207E+01

CP# 13     Coords =  4.96491410490051E+00 -1.34134659807144E+00 -5.66916291196032E-05
           Type = (3,-3) NACP C13
           Rho =  1.2198128511E+02     Rho at Nucleus =  1.2198128490E+02
           GradRho = -4.0223230857E-09 -3.4175390295E-10  5.4794588463E-13
           HessRho_EigVals = -3.2241284953E+05 -3.2241181283E+05 -3.2241179514E+05
           HessRho_EigVec1 =  9.7382238461E-01 -2.2731027611E-01 -4.0091543278E-05
           HessRho_EigVec2 =  1.2754985737E-03  5.2880060376E-03  9.9998520494E-01
           HessRho_EigVec3 =  2.2730670103E-01  9.7380802798E-01 -5.4395125823E-03
           DelSqRho = -9.6723645750E+05
           Bond Ellipticity = NA
           V = -2.4182675372E+05
           G =  8.8196725114E+00
           K =  2.4181793405E+05
           L =  2.4180911438E+05
           Vnuc =  5.1793361857E+06
           Ven = -6.3178208396E+08
           Vrep =  6.3154025721E+08
           DelSqV =  2.3724162115E+10
           DelSqVen =  5.0096426844E+12
           DelSqVrep = -4.9859185878E+12
           DelSqG =  6.3925408780E+08
           DelSqK = -2.4363416203E+10
           Stress_EigVals = -8.0609004473E+04 -8.0608995211E+04 -8.0608754036E+04
           Stress_EigVec1 =  2.3232179760E-01  9.7263561736E-01 -2.5569897226E-03
           Stress_EigVec2 =  6.3335337788E-04  2.4776386173E-03  9.9999673008E-01
           Stress_EigVec3 =  9.7263877222E-01 -2.3232265741E-01 -4.0412596319E-05
           -DivStress =  9.0229596102E+03  6.8646882209E+02 -1.2101252059E+00
           ESP =  -1.4751844134E+01     ESP at Nucleus =  -1.4751844140E+01
           ESPe = -2.6199325555E+01     ESPe at Nucleus = -2.6199323823E+01
           ESPn =  1.1447481421E+01     ESPn at Nucleus =  1.1447479683E+01

CP# 14     Coords =  5.40925526845756E+00 -3.32397701088029E+00 -5.60096101558348E-04
           Type = (3,-3) NACP H14
           Rho =  4.4111552724E-01     Rho at Nucleus =  4.3799642059E-01
           GradRho =  1.3669620991E-15  7.8756445809E-16  1.5602346888E-18
           HessRho_EigVals = -9.0341412772E+00 -9.0318804286E+00 -8.3461890666E+00
           HessRho_EigVec1 =  9.7239768642E-01  2.3332955463E-01  2.4161468488E-04
           HessRho_EigVec2 = -1.7642160017E-04 -3.0027363870E-04  9.9999993936E-01
           HessRho_EigVec3 = -2.3332961303E-01  9.7239767008E-01  2.5082101817E-04
           DelSqRho = -2.6412210772E+01
           Bond Ellipticity = NA
           V = -6.6163387888E+00
           G =  6.6430478398E-03
           K =  6.6096957409E+00
           L =  6.6030526931E+00
           Vnuc =  4.8847182094E+01
           Ven = -2.1547250484E+01
           Vrep =  1.4930911695E+01
           DelSqV =  1.7247969941E+03
           DelSqVen =  1.2901620691E+03
           DelSqVrep =  4.3463492496E+02
           DelSqG =  1.3225511190E+02
           DelSqK = -1.8570521060E+03
           Stress_EigVals = -2.2638343756E+00 -2.2637229073E+00 -2.0887815058E+00
           Stress_EigVec1 =  6.3384808683E-04 -1.0574645067E-04  9.9999979353E-01
           Stress_EigVec2 =  9.7231085324E-01  2.3369051049E-01 -5.9158555424E-04
           Stress_EigVec3 = -2.3369039968E-01  9.7231102746E-01  2.5094270466E-04
           -DivStress =  3.5972465441E+00 -1.4640800521E+01 -3.8132644923E-03
           ESP =  -1.0972353468E+00     ESP at Nucleus =  -1.0984929281E+00
           ESPe = -1.2859740494E+01     ESPe at Nucleus = -1.2795858978E+01
           ESPn =  1.1762505148E+01     ESPn at Nucleus =  1.1697366050E+01

CP# 15     Coords =  5.81028065201108E+00 -4.74312813121471E-01  1.63441664110152E+00
           Type = (3,-3) NACP H15
           Rho =  4.3707580945E-01     Rho at Nucleus =  4.3390825377E-01
           GradRho = -7.3762528550E-10 -7.6315746431E-10 -1.3992510015E-09
           HessRho_EigVals = -8.9642734718E+00 -8.9617762303E+00 -8.2676090161E+00
           HessRho_EigVec1 = -9.0181053782E-01  2.8951264826E-01  3.2081175225E-01
           HessRho_EigVec2 = -9.3087657938E-02 -8.5511368601E-01  5.1001497228E-01
           HessRho_EigVec3 =  4.2198630526E-01  4.3007326179E-01  7.9810058744E-01
           DelSqRho = -2.6193658718E+01
           Bond Ellipticity = NA
           V = -6.5616030666E+00
           G =  6.5941935168E-03
           K =  6.5550088731E+00
           L =  6.5484146796E+00
           Vnuc =  4.8765072194E+01
           Ven = -2.1314033402E+01
           Vrep =  1.4752430335E+01
           DelSqV =  1.7099017181E+03
           DelSqVen =  1.2773356631E+03
           DelSqVrep =  4.3256605501E+02
           DelSqG =  1.3128413199E+02
           DelSqK = -1.8411858501E+03
           Stress_EigVals = -2.2463216138E+00 -2.2460089564E+00 -2.0692724963E+00
           Stress_EigVec1 = -7.4709818238E-01 -3.3315983243E-01  5.7519460354E-01
           Stress_EigVec2 =  5.1334260438E-01 -8.3891084040E-01  1.8085345554E-01
           Stress_EigVec3 =  4.2228388131E-01  4.3038718372E-01  7.9777390010E-01
           -DivStress =  6.3546773922E+00  6.5858309919E+00  1.2057402719E+01
           ESP =  -1.1025902715E+00     ESP at Nucleus =  -1.1038769243E+00
           ESPe = -1.3228256266E+01     ESPe at Nucleus = -1.3165946920E+01
           ESPn =  1.2125665995E+01     ESPn at Nucleus =  1.2062069995E+01

CP# 16     Coords = -2.46622084549618E+00  7.57698185042824E-01  5.00390467555297E-04
           Type = (3,-1) BCP N4 C5
           Rho =  3.0813937119E-01
           GradRho =  2.7287200277E-13  2.2428586766E-13 -1.6202046215E-16
           HessRho_EigVals = -6.9786192896E-01 -6.1443492646E-01  3.9810136375E-01
           HessRho_EigVec1 =  7.2495774894E-01 -6.8879333590E-01  5.1682621908E-05
           HessRho_EigVec2 =  1.1717291774E-04  1.9835853237E-04  9.9999997346E-01
           HessRho_EigVec3 =  6.8879332787E-01  7.2495772365E-01 -2.2450948000E-04
           DelSqRho = -9.1419549168E-01
           Bond Ellipticity =  1.3577841837E-01
           V = -5.8498480610E-01
           G =  1.7821796659E-01
           K =  4.0676683951E-01
           L =  2.2854887292E-01
           Vnuc =  2.2628609377E+01
           Ven = -6.9727654642E+00
           Vrep =  6.3877806581E+00
           DelSqV = -3.4128739913E+00
           DelSqVen =  2.0686972675E+01
           DelSqVrep = -2.4099846666E+01
           DelSqG =  4.8810574545E+00
           DelSqK = -1.4681834631E+00
           Stress_EigVals = -3.0081435063E-01 -2.9262214216E-01  8.4516866912E-03
           Stress_EigVec1 =  2.0109071534E-04  1.2374712264E-04  9.9999997212E-01
           Stress_EigVec2 =  7.1708929777E-01 -6.9698130223E-01 -5.7950570783E-05
           Stress_EigVec3 =  6.9698127563E-01  7.1708928944E-01 -2.2889420592E-04
           -DivStress = -6.3352406188E-01 -6.4215204954E-01  1.0537638230E-04
           ESP =   1.4371922649E+00
           ESPe = -2.1191417112E+01
           ESPn =  2.2628609377E+01
           BPL =  2.6093309887E+00 =  1.6197313232E+00 +  9.8959966543E-01                
           GBL_I =  2.6087760240E+00                                                      
           GBL_II =  2.6087780751E+00                                                     
           GBL_III =  2.6090972057E+00 =  1.6195864729E+00 +  9.8951073277E-01            
           GBL_IV =  2.6090993053E+00 =  1.6195869913E+00 +  9.8951231393E-01             

