AIMSum (Version 16.05.18, Professional)
Copyright (c) 1997-2016 by Todd A. Keith
AIMSum is a component of the AIMAll package ( http://aim.tkgristmill.com )

TP:  64-bit Linux

Licensed To:  Masaryk University, CEITEC MU (LR:  Prof. Jaroslav Koca)

Much of the Quantum Theory of Atoms in Molecules (QTAIM) is described in the book:
  "Atoms in Molecules - A Quantum Theory"
  R.F.W. Bader, Oxford University Press, Oxford, 1990

For additional references see:  http://aim.tkgristmill.com/references.html

Wfx File:  /scratch/joseph/job_251723.wagap-pro.cerit-sc.cz/main/at.wfx
Sum File:  /scratch/joseph/job_251723.wagap-pro.cerit-sc.cz/main/at.sum

SumViz File:  /scratch/joseph/job_251723.wagap-pro.cerit-sc.cz/main/at.sumviz

Wfx Title:  Title                                                                          
 
Total memory allocated for AIMSum =        1.887 Megabytes

Atomic units (a.u.) used throughout, except where stated otherwise

Model:  Restricted M062X
 
Restricted, closed-shell, single-determinant wavefunction.
  Number of electrons (from MO Occs)                   =         136.0000000000
  Number of Alpha electrons (from MO Occs)             =          68.0000000000
  Number of Beta electrons (from MO Occs)              =          68.0000000000
  Number of electron pairs (N*(N-1)/2)                 =        9180.0000000000
  Number of electron pairs (from Muller 2EDM)          =        9180.0000000000
 
Nuclear Charges and Cartesian Coordinates:
-------------------------------------------------------------------------------
Atom      Charge                X                  Y                  Z
-------------------------------------------------------------------------------
N1         7.0          -7.2605734700E+00   2.9875247400E+00   2.6078220600E-03
C2         6.0          -8.6044522100E+00   7.6622725500E-01   3.2692262100E-03
C3         6.0          -7.4794037500E+00  -1.5073589500E+00   1.5306781700E-03
C4         6.0          -4.7136761700E+00  -1.5671498800E+00  -1.3606028200E-03
N5         7.0          -3.5198039000E+00   7.5103385700E-01  -1.8708288700E-03
C6         6.0          -4.6468365600E+00   3.0890597200E+00  -1.3228082900E-04
C7         6.0          -8.8574298400E+00  -3.9726389700E+00   2.1731850500E-03
O8         8.0          -3.4852219100E+00  -3.5236778300E+00  -3.2314316900E-03
O9         8.0          -3.4899651200E+00   5.0609889400E+00  -5.2912331700E-04
H10        1.0          -8.1426598300E+00   4.6755226000E+00   3.7038632200E-03
H11        1.0          -1.5410527600E+00   7.4506232200E-01  -3.3070207300E-03
H12        1.0          -1.0639271500E+01   9.7591126700E-01   5.4235140000E-03
H13        1.0          -8.3453518600E+00  -5.0875018000E+00  -1.6545875100E+00
H14        1.0          -8.3433676400E+00  -5.0878986400E+00   1.6580646100E+00
H15        1.0          -1.0894781400E+01  -3.6754417400E+00   3.4581988200E-03
N16        7.0           1.8308044700E+00   7.1996675900E-01  -3.5526851300E-03
C17        6.0           3.2161438000E+00  -1.4046523300E+00  -2.1542877900E-03
C18        6.0           5.8633477600E+00  -1.1338734700E+00   1.8897261300E-05
C19        6.0           6.7860632300E+00   1.3197280400E+00   4.1573974900E-04
N20        7.0           5.4329248400E+00   3.4525674400E+00  -1.0582466300E-03
C21        6.0           2.9815532000E+00   2.9817043800E+00  -2.9479727700E-03
N22        7.0           7.7978793000E+00  -2.8775237800E+00   2.2676713600E-03
C23        6.0           9.8385756500E+00  -1.5081337300E+00   3.9684248800E-03
N24        7.0           9.3607584000E+00   1.0444705300E+00   2.8156919400E-03
N25        7.0           2.0746358300E+00  -3.6550138000E+00  -3.1936371600E-03
H26        1.0           1.7147186000E+00   4.5939620200E+00  -4.0251166600E-03
H27        1.0           1.1742550300E+01  -2.2363774900E+00   5.9337400600E-03
H28        1.0           1.0629841800E+01   2.4624643300E+00   4.0062194000E-03
H29        1.0           1.5427724100E-01  -3.7785263000E+00  -3.1558426400E-03
H30        1.0           3.1467341600E+00  -5.2242801800E+00  -2.2676713600E-04
 
Some Atomic Properties:
----------------------
  q(A) = Net Charge of Atom A
  L(A) = Lagrangian of Atom A = -(1/4) Times Atomic Integral of the Laplacian of the Electron Density
  K(A) = Electronic Kinetic Energy of Atom A (Hamiltonian Form)
  K_Scaled(A) = K(A) * E(Mol)/K(Mol) = Approximation to Virial-Based Total Energy of Atom A.
  |Mu_Intra(A)| = Magnitude of Intraatomic Dipole Moment of Atom A
--------------------------------------------------------------------------------------------------
Atom A          q(A)              L(A)              K(A)          K_Scaled(A)      |Mu_Intra(A)|
--------------------------------------------------------------------------------------------------
N1       -1.2131860852E+00  9.6579833322E-05  5.5218613918E+01 -5.5459446072E+01  4.6429152270E-02
C2        4.0394957690E-01  9.4849203460E-05  3.7672543266E+01 -3.7836849450E+01  6.6392305124E-01
C3       -5.7007390000E-04 -4.1662211729E-04  3.7926193996E+01 -3.8091606460E+01  1.3977611204E-01
C4        1.3969951620E+00 -1.2768362773E-04  3.7057196595E+01 -3.7218818987E+01  7.3589650571E-01
N5       -1.2660631623E+00  2.3869778712E-05  5.5281360382E+01 -5.5522466200E+01  5.2506793055E-02
C6        1.8784069434E+00  4.6287138297E-04  3.6777404361E+01 -3.6937806459E+01  2.2789315725E-01
C7        5.3887933100E-02  4.3133067039E-07  3.7809624107E+01 -3.7974528160E+01  1.3866691798E-01
O8       -1.1997378060E+00  5.4040653208E-05  7.5581826762E+01 -7.5911471656E+01  3.4583808705E-01
O9       -1.1958642887E+00  3.7395878748E-05  7.5596352634E+01 -7.5926060882E+01  3.8007432443E-01
H10       4.4360995680E-01  2.2504731641E-05  4.3930244574E-01 -4.4121843288E-01  1.5867711141E-01
H11       5.4343260185E-01 -4.5823193303E-05  3.7447467312E-01 -3.7610791843E-01  1.0502088716E-01
H12       5.9324326250E-02  2.2741156104E-05  5.9874896469E-01 -6.0136036676E-01  1.2767603007E-01
H13       3.0555647690E-02  2.2838103947E-05  6.0592344529E-01 -6.0856613836E-01  1.4261882230E-01
H14       3.0520758730E-02  2.2489287929E-05  6.0593377289E-01 -6.0857651101E-01  1.4262274082E-01
H15      -1.4986279000E-03  2.1267104041E-05  6.1878698749E-01 -6.2148578401E-01  1.4328173215E-01
N16      -1.2301256992E+00  7.0174046636E-05  5.5136822828E+01 -5.5377298256E+01  1.3293322867E-01
C17       1.0586467507E+00 -3.7847239406E-04  3.7327754322E+01 -3.7490556733E+01  5.9623132040E-01
C18       3.9378271930E-01  2.5766830615E-04  3.7785540651E+01 -3.7950339665E+01  4.1338137297E-01
C19       9.0756524550E-01 -2.4682218794E-04  3.7476050816E+01 -3.7639500011E+01  5.5783377925E-01
N20      -1.1793588541E+00 -4.6553299600E-05  5.5104962313E+01 -5.5345298783E+01  1.7266079085E-01
C21       1.0950198302E+00 -6.7908189160E-05  3.7256850262E+01 -3.7419343429E+01  6.1292140235E-01
N22      -1.1394476480E+00  6.4230713304E-05  5.5060618015E+01 -5.5300761080E+01  2.2482550881E-01
C23       1.0361546507E+00  2.2133255528E-04  3.7289804914E+01 -3.7452441811E+01  7.0495203812E-01
N24      -1.2212650379E+00  2.3473391977E-05  5.5226774288E+01 -5.5467642032E+01  3.9119521915E-02
N25      -1.2344152739E+00  9.6423667953E-06  5.5138471360E+01 -5.5378953978E+01  6.7373578874E-02
H26       8.3546889190E-02  2.4548551642E-05  5.9405962495E-01 -5.9665057479E-01  1.1774867072E-01
H27       7.4789592950E-02  1.5628260380E-05  5.9201748712E-01 -5.9459953032E-01  1.2376782503E-01
H28       4.4986110265E-01  1.7896020075E-05  4.3370102652E-01 -4.3559258346E-01  1.5664449844E-01
H29       5.0927307390E-01  4.6841813157E-05  4.0177326765E-01 -4.0352557388E-01  1.1842575582E-01
H30       4.3246612288E-01  3.2053701012E-05  4.4411783123E-01 -4.4605482034E-01  1.6114960423E-01
--------------------------------------------------------------------------------------------------
Total     2.5632759000E-04  3.3548316208E-04  9.1743360532E+02 -9.2143492834E+02
 
Molecular charge q(Mol) from the wfx file:   0.0000000000E+00
Molecular energy E(Mol) from the wfx file:  -9.2143487049E+02
Molecular virial ratio (-V(Mol)/T(Mol)) from the wfx file:   2.0043614306E+00
Note.  K_Scaled(A) = (1+V(Mol)/T(Mol))*K(A) = (E(Mol)/T(Mol))*K(A)
       Only use K_Scaled(A) data with caution.
 
N_AIMInt(SumA)     =        135.999744
N_Analytic(Mol)    =        136.000000
 
G_AIMInt(SumA)     =        917.433270
G_Analytic(Mol)    =        917.433548
 
K_AIMInt(SumA)     =        917.433605
K_Analytic(Mol)    =        917.433548
 
L_AIMInt(SumA)     =          0.000335
L_Analytic(Mol)    =          0.000000
 
VenT_AIMInt(SumA)  =      -4889.060045
VenT_Analytic(Mol) =      -4889.064631
 
Some Information About the Atomic Calculations:
----------------------------------------------
  Time(sec) = "Elapsed User Time", in Seconds, for Atom A by AIMInt and, if used, by TWOe
  NProc = Number of Processors Used for AIMInt Job
  BIM = Basin Integration Method
  OAQ = Angular Quadrature Outside of Beta Sphere
  ORQ = Multiple of Default for Radial Quadrature Outside of Beta Sphere
  IAQ = Multiple of Default for Angular Quadrature Inside of Beta Sphere
  IRQ = Multiple of Default for Radial Quadrature Inside of Beta Sphere
  MIR = Maximum Integration Radius
------------------------------------------------------------------------------------------------------
Atom A     Time(sec)   NProc      BIM              OAQ                 ORQ      IAQ      IRQ      MIR
------------------------------------------------------------------------------------------------------
N1           2108        8     Proaim(5)    4334      (Very High)      Auto     Auto     Auto    13.00
C2           1777        8     Proaim(5)    4334      (Very High)      Auto     Auto     Auto    13.00
C3           1683        8     Proaim(5)    4334      (Very High)      Auto     Auto     Auto    13.00
C4           1569        8     Proaim(5)    4334      (Very High)      Auto     Auto     Auto    13.00
N5           1922        8     Proaim(5)    4334      (Very High)      Auto     Auto     Auto    13.00
C6           1321        8     Proaim(5)    4334      (Very High)      Auto     Auto     Auto    13.00
C7           1604        8     Proaim(5)    4334      (Very High)      Auto     Auto     Auto    13.00
O8           2310        8     Proaim(5)    4334      (Very High)      Auto     Auto     Auto    13.00
O9           2366        8     Proaim(5)    4334      (Very High)      Auto     Auto     Auto    13.00
H10           539        8     Proaim(5)    2030      (Very High)      Auto     Auto     Auto    13.00
H11           946        8     Proaim(5)    4334      (Very High)      Auto     Auto     Auto    13.00
H12           535        8     Proaim(5)    2030      (Very High)      Auto     Auto     Auto    13.00
H13           625        8     Proaim(5)    2030      (Very High)      Auto     Auto     Auto    13.00
H14           644        8     Proaim(5)    2030      (Very High)      Auto     Auto     Auto    13.00
H15           603        8     Proaim(5)    2030      (Very High)      Auto     Auto     Auto    13.00
N16          2105        8     Proaim(5)    4334      (Very High)      Auto     Auto     Auto    13.00
C17          1455        8     Proaim(5)    4334      (Very High)      Auto     Auto     Auto    13.00
C18          1517        8     Proaim(5)    4334      (Very High)      Auto     Auto     Auto    13.00
C19          1710        8     Proaim(5)    4334      (Very High)      Auto     Auto     Auto    13.00
N20          2419        8     Proaim(5)    4334      (Very High)      Auto     Auto     Auto    13.00
C21          1665        8     Proaim(5)    4334      (Very High)      Auto     Auto     Auto    13.00
N22          2375        8     Proaim(5)    4334      (Very High)      Auto     Auto     Auto    13.00
C23          1609        8     Proaim(5)    4334      (Very High)      Auto     Auto     Auto    13.00
N24          2034        8     Proaim(5)    4334      (Very High)      Auto     Auto     Auto    13.00
N25          2242        8     Proaim(5)    4334      (Very High)      Auto     Auto     Auto    13.00
H26          1173        8     Proaim(5)    4334      (Very High)      Auto     Auto     Auto    13.00
H27           616        8     Proaim(5)    2030      (Very High)      Auto     Auto     Auto    13.00
H28           583        8     Proaim(5)    2030      (Very High)      Auto     Auto     Auto    13.00
H29          1015        8     Proaim(5)    4334      (Very High)      Auto     Auto     Auto    13.00
H30           589        8     Proaim(5)    2030      (Very High)      Auto     Auto     Auto    13.00
------------------------------------------------------------------------------------------------------
Total       43659
Note:  Total wall clock time is less than total of atomic times if more than one atom
       was calculated at a time
Note:  Total time does not include times for diatomic interaction energy calculations (34398 seconds)
 
Electron Density Critical Point Analysis of Molecular Structure:               
---------------------------------------------------------------                
  NACP = Nuclear Attractor Critical Point                                      
  NNACP = Non-Nuclear Attractor Critical Point                                 
  BCP = Bond Critical Point                                                    
  RCP = Ring Critical Point                                                    
  CCP = Cage Critical Point                                                    
  Rho = Electron Density                                                       
  GradRho = Gradient of Electron Density                                       
  HessRho_EigVals = Eigenvalues of the Hessian of Rho, Ascending Order         
  HessRho_EigVecs = Eigenvectors of the Hessian of Rho                         
  DelSqRho = Laplacian of Rho = Trace of Hessian of Rho                        
  Bond Ellipticity = (HessRho_EigVal(1) / HessRho_EigVal(2)) - 1               
  V = Virial Field = Potential Energy Density = Trace of Stress Tensor         
  G = Lagrangian Form of Kinetic Energy Density                                
  K = Hamiltonian Form of Kinetic Energy Density                               
  L = K - G = Lagrangian Density = (-1/4)DelSqRho                              
  Vnuc = Electrostatic Potential from Nuclei                                   
  Ven = Electron-nuclear attractive contribution to Virial Field V             
  Vrep = V - Ven = Repulsive contribution to Virial Field V                    
  DelSqV = Laplacian of V                                                      
  DelSqVen = Laplacian of Ven                                                  
  DelSqVrep = Laplacian of Vrep                                                
  DelSqG = Laplacian of G                                                      
  DelSqK = Laplacian of K                                                      
  Stress_EigVals = Eigenvalues of Stress Tensor, Ascending Order               
  Stress_EigVecs = Eigenvectors of Stress Tensor                               
  -DivStress = Ehrenfest Force Density = Minus Divergence of Stress Tensor     
  ESP = Total Electrostatic Potential                                          
  ESPe = Electrostatic Potential from Electrons                                
  ESPn = Electrostatic Potential from Nuclei                                   
  BP = Bond Path                                                               
  BPL = Bond Path Length                                                       
  GBL = Geometric Bond Length                                                  
  GBL_I = Distance Between Nuclear Attractors                                  
  GBL_II = Distance Between Nuclei                                             
  GBL_III = Sum of Distances Between BCP and Nuclear Attractors                
  GBL_IV = Sum of Distances Between BCP and Nuclei                             

CP# 1      Coords = -7.26057368325232E+00  2.98752428286688E+00  2.60782077030840E-03
           Type = (3,-3) NACP N1
           Rho =  1.9820079374E+02     Rho at Nucleus =  1.9820079365E+02
           GradRho = -1.6272716508E-10 -9.0058716040E-10 -2.8359665961E-12
           HessRho_EigVals = -7.3749609703E+05 -7.3749574153E+05 -7.3748540345E+05
           HessRho_EigVec1 =  7.5994972884E-01  6.4998152427E-01 -6.5402811185E-04
           HessRho_EigVec2 = -6.4998103022E-01  7.5994998311E-01  8.2675709582E-04
           HessRho_EigVec3 =  1.0344054899E-03 -2.0318796485E-04  9.9999944436E-01
           DelSqRho = -2.2124772420E+06
           Bond Ellipticity = NA
           V = -5.5317717071E+05
           G =  2.8930103719E+01
           K =  5.5314824061E+05
           L =  5.5311931050E+05
           Vnuc =  1.3877088135E+07
           Ven = -2.7504498831E+09
           Vrep =  2.7498967060E+09
           DelSqV =  7.8766247095E+10
           DelSqVen =  3.0702743585E+13
           DelSqVrep = -3.0623977338E+13
           DelSqG =  2.0586215566E+09
           DelSqK = -8.0824868651E+10
           Stress_EigVals = -1.8439380329E+05 -1.8439170955E+05 -1.8439165788E+05
           Stress_EigVec1 =  1.0433193684E-03 -2.0545390855E-04  9.9999943464E-01
           Stress_EigVec2 = -5.2609508837E-01  8.5042544317E-01  7.2360883566E-04
           Stress_EigVec3 =  8.5042511104E-01  5.2609554589E-01 -7.7917704408E-04
           -DivStress =  5.5329079631E+03  1.1854335078E+04  3.3455705652E+01
           ESP =  -1.8311938878E+01     ESP at Nucleus =  -1.8311938879E+01
           ESPe = -3.7548318903E+01     ESPe at Nucleus = -3.7548318592E+01
           ESPn =  1.9236380025E+01     ESPn at Nucleus =  1.9236379713E+01

CP# 2      Coords = -8.60445131361329E+00  7.66230830709495E-01  3.26922653324157E-03
           Type = (3,-3) NACP C2
           Rho =  1.2218647636E+02     Rho at Nucleus =  1.2218647417E+02
           GradRho = -1.2996748122E-10  9.9698027611E-14 -3.6098186072E-14
           HessRho_EigVals = -3.2298253186E+05 -3.2298155793E+05 -3.2297900515E+05
           HessRho_EigVec1 =  9.9131334351E-04 -2.7869416006E-04  9.9999946981E-01
           HessRho_EigVec2 =  6.7535743909E-01  7.3749041635E-01 -4.6395681486E-04
           HessRho_EigVec3 =  7.3748989604E-01 -6.7535754096E-01 -9.1930226466E-04
           DelSqRho = -9.6894309494E+05
           Bond Ellipticity = NA
           V = -2.4225303340E+05
           G =  8.6298337717E+00
           K =  2.4224440357E+05
           L =  2.4223577374E+05
           Vnuc =  1.6276435809E+06
           Ven = -1.9887603392E+08
           Vrep =  1.9863378089E+08
           DelSqV =  2.3765977897E+10
           DelSqVen =  1.5770940252E+12
           DelSqVrep = -1.5533280473E+12
           DelSqG =  6.4043797964E+08
           DelSqK = -2.4406415877E+10
           Stress_EigVals = -8.0751658665E+04 -8.0750929697E+04 -8.0750445041E+04
           Stress_EigVec1 =  7.2335407953E-01 -6.9047667802E-01 -9.1254271230E-04
           Stress_EigVec2 =  6.9047655525E-01  7.2335460370E-01 -4.9392153953E-04
           Stress_EigVec3 =  1.0011332758E-03 -2.7280918793E-04  9.9999946165E-01
           -DivStress = -7.0135236175E+03 -2.7974805816E+04 -2.5283866567E+00
           ESP =  -1.4688084339E+01     ESP at Nucleus =  -1.4688084392E+01
           ESPe = -3.3901674151E+01     ESPe at Nucleus = -3.3901673179E+01
           ESPn =  1.9213589812E+01     ESPn at Nucleus =  1.9213588788E+01

CP# 3      Coords = -7.47940319372339E+00 -1.50735912204331E+00  1.53067738596445E-03
           Type = (3,-3) NACP C3
           Rho =  1.2211250810E+02     Rho at Nucleus =  1.2211250804E+02
           GradRho =  6.0992455531E-10 -1.3250953113E-10 -6.8080697330E-13
           HessRho_EigVals = -3.2276570810E+05 -3.2276485799E+05 -3.2276416653E+05
           HessRho_EigVec1 =  9.6305279985E-04 -3.0761579041E-04  9.9999948895E-01
           HessRho_EigVec2 =  9.1931721471E-01  3.9351654931E-01 -7.6429950382E-04
           HessRho_EigVec3 = -3.9351611309E-01  9.1931748096E-01  6.6177370624E-04
           DelSqRho = -9.6829473261E+05
           Bond Ellipticity = NA
           V = -2.4209142957E+05
           G =  8.8732063740E+00
           K =  2.4208255636E+05
           L =  2.4207368315E+05
           Vnuc =  1.0304444971E+07
           Ven = -1.2583016200E+09
           Vrep =  1.2580595286E+09
           DelSqV =  2.3750087506E+10
           DelSqVen =  9.9777432781E+12
           DelSqVrep = -9.9539937149E+12
           DelSqG =  6.3996755517E+08
           DelSqK = -2.4390055061E+10
           Stress_EigVals = -8.0697463965E+04 -8.0697222789E+04 -8.0696742811E+04
           Stress_EigVec1 = -3.4978548112E-01  9.3682961501E-01  6.2420556427E-04
           Stress_EigVec2 =  9.3682929164E-01  3.4978591473E-01 -8.3197617362E-04
           Stress_EigVec3 =  9.9775823271E-04 -2.9376087044E-04  9.9999945909E-01
           -DivStress = -4.3500528835E+03  1.3476894499E+03  6.1312729409E+00
           ESP =  -1.4740546936E+01     ESP at Nucleus =  -1.4740546937E+01
           ESPe = -3.5267050433E+01     ESPe at Nucleus = -3.5267049904E+01
           ESPn =  2.0526503497E+01     ESPn at Nucleus =  2.0526502967E+01

CP# 4      Coords = -4.71367468078798E+00 -1.56714812094223E+00 -1.36060399698171E-03
           Type = (3,-3) NACP C4
           Rho =  1.2223067322E+02     Rho at Nucleus =  1.2223067236E+02
           GradRho =  1.2608514233E-10  3.2590818932E-11 -2.4125666742E-15
           HessRho_EigVals = -3.2311794410E+05 -3.2311540701E+05 -3.2311373104E+05
           HessRho_EigVec1 =  9.9326548587E-04 -2.8608923232E-04  9.9999946579E-01
           HessRho_EigVec2 =  3.7107973987E-01  9.2860099939E-01 -1.0291800605E-04
           HessRho_EigVec3 =  9.2860047387E-01 -3.7107964386E-01 -1.0285092407E-03
           DelSqRho = -9.6934708215E+05
           Bond Ellipticity = NA
           V = -2.4235336560E+05
           G =  8.2975305404E+00
           K =  2.4234506807E+05
           L =  2.4233677054E+05
           Vnuc =  2.6033015730E+06
           Ven = -3.1820330386E+08
           Vrep =  3.1796095049E+08
           DelSqV =  2.3775877860E+10
           DelSqVen =  2.5235027640E+12
           DelSqVrep = -2.4997268862E+12
           DelSqG =  6.4073820210E+08
           DelSqK = -2.4416616062E+10
           Stress_EigVals = -8.0785109879E+04 -8.0784579806E+04 -8.0783675913E+04
           Stress_EigVec1 =  8.7038553906E-01 -4.9236975896E-01 -1.0167879392E-03
           Stress_EigVec2 =  4.9236979207E-01  8.7038608256E-01 -2.3484073368E-04
           Stress_EigVec3 =  1.0006265467E-03 -2.9623368764E-04  9.9999945550E-01
           -DivStress = -1.1655166475E+04 -1.3767240901E+04  9.2096031716E+00
           ESP =  -1.4641922202E+01     ESP at Nucleus =  -1.4641922219E+01
           ESPe = -3.7539336322E+01     ESPe at Nucleus = -3.7539334654E+01
           ESPn =  2.2897414120E+01     ESPn at Nucleus =  2.2897412435E+01

CP# 5      Coords = -3.51980544372588E+00  7.51034186680358E-01 -1.87082702976556E-03
           Type = (3,-3) NACP N5
           Rho =  1.9832468195E+02     Rho at Nucleus =  1.9832468103E+02
           GradRho = -1.1739537120E-10 -5.4416297857E-12 -5.6465249143E-16
           HessRho_EigVals = -7.3798729720E+05 -7.3798362271E+05 -7.3797856503E+05
           HessRho_EigVec1 = -6.1680683031E-02  9.9809589906E-01  2.6383846667E-04
           HessRho_EigVec2 =  9.9809565289E-01  6.1680861883E-02 -7.3414309982E-04
           HessRho_EigVec3 =  7.4901900128E-04 -2.1805357881E-04  9.9999969571E-01
           DelSqRho = -2.2139494849E+06
           Bond Ellipticity = NA
           V = -5.5354503577E+05
           G =  2.8832268411E+01
           K =  5.5351620350E+05
           L =  5.5348737123E+05
           Vnuc =  4.4345057189E+06
           Ven = -8.7947193628E+08
           Vrep =  8.7891839124E+08
           DelSqV =  7.8818632696E+10
           DelSqVen =  9.8177718026E+12
           DelSqVrep = -9.7389531044E+12
           DelSqG =  2.0600791028E+09
           DelSqK = -8.0878711799E+10
           Stress_EigVals = -1.8451585129E+05 -1.8451498579E+05 -1.8451419869E+05
           Stress_EigVec1 =  7.4039823787E-04 -2.0469842402E-04  9.9999970495E-01
           Stress_EigVec2 =  9.9681057719E-01  7.9800703929E-02 -7.2170192945E-04
           Stress_EigVec3 = -7.9800532653E-02  9.9681081743E-01  2.6312985476E-04
           -DivStress =  4.0067463524E+04 -8.5579124974E+03 -4.7771566258E+01
           ESP =  -1.8345347388E+01     ESP at Nucleus =  -1.8345347405E+01
           ESPe = -4.0930717772E+01     ESPe at Nucleus = -4.0930717022E+01
           ESPn =  2.2585370384E+01     ESPn at Nucleus =  2.2585369617E+01

CP# 6      Coords = -4.64683821889265E+00  3.08905760460328E+00 -1.32279875585928E-04
           Type = (3,-3) NACP C6
           Rho =  1.2217125844E+02     Rho at Nucleus =  1.2217125727E+02
           GradRho =  4.6262438325E-11 -1.2384759884E-11 -3.3404268934E-16
           HessRho_EigVals = -3.2295490893E+05 -3.2295341639E+05 -3.2295183323E+05
           HessRho_EigVec1 =  9.1332410360E-04 -3.0506534351E-04  9.9999953639E-01
           HessRho_EigVec2 =  8.9932293899E-01 -4.3728404935E-01 -9.5477396847E-04
           HessRho_EigVec3 =  4.3728413789E-01  8.9932339407E-01 -1.2502980109E-04
           DelSqRho = -9.6886015855E+05
           Bond Ellipticity = NA
           V = -2.4223165139E+05
           G =  8.3058755609E+00
           K =  2.4222334551E+05
           L =  2.4221503964E+05
           Vnuc =  2.2319358296E+06
           Ven = -2.7267840905E+08
           Vrep =  2.7243617740E+08
           DelSqV =  2.3763947156E+10
           DelSqVen =  2.1624336876E+12
           DelSqVrep = -2.1386697404E+12
           DelSqG =  6.4040417222E+08
           DelSqK = -2.4404351328E+10
           Stress_EigVals = -8.0744477203E+04 -8.0743908513E+04 -8.0743265671E+04
           Stress_EigVec1 =  4.3740125224E-01  8.9926643812E-01 -1.3347149038E-04
           Stress_EigVec2 =  8.9926595223E-01 -4.3740116213E-01 -9.8515198146E-04
           Stress_EigVec3 =  9.4429469837E-04 -3.1088034344E-04  9.9999950583E-01
           -DivStress =  1.2977136437E+04  1.6547752931E+04 -7.4590852565E+00
           ESP =  -1.4612359806E+01     ESP at Nucleus =  -1.4612359818E+01
           ESPe = -3.6937273824E+01     ESPe at Nucleus = -3.6937272947E+01
           ESPn =  2.2324914018E+01     ESPn at Nucleus =  2.2324913129E+01

CP# 7      Coords = -8.85742953361623E+00 -3.97263790316904E+00  2.17318529083231E-03
           Type = (3,-3) NACP C7
           Rho =  1.2198107022E+02     Rho at Nucleus =  1.2198107003E+02
           GradRho =  9.2062305002E-10  3.4080830380E-09  8.3472389157E-13
           HessRho_EigVals = -3.2241235555E+05 -3.2241135620E+05 -3.2241133250E+05
           HessRho_EigVec1 =  5.6413196215E-01  8.2568458350E-01 -3.1281400247E-04
           HessRho_EigVec2 =  6.5716024825E-03 -4.1110691254E-03  9.9996995612E-01
           HessRho_EigVec3 =  8.2565849074E-01 -5.6411706913E-01 -7.7452563509E-03
           DelSqRho = -9.6723504426E+05
           Bond Ellipticity = NA
           V = -2.4182639860E+05
           G =  8.8187677602E+00
           K =  2.4181757983E+05
           L =  2.4180876106E+05
           Vnuc =  5.4056424599E+06
           Ven = -6.5938605251E+08
           Vrep =  6.5914422611E+08
           DelSqV =  2.3724127662E+10
           DelSqVen =  5.2285268951E+12
           DelSqVrep = -5.2048027674E+12
           DelSqG =  6.3925331906E+08
           DelSqK = -2.4363380981E+10
           Stress_EigVals = -8.0608883366E+04 -8.0608873058E+04 -8.0608642176E+04
           Stress_EigVec1 =  8.2146475223E-01 -5.7023745998E-01 -4.9899981752E-03
           Stress_EigVec2 =  4.2665744127E-03 -2.6043454623E-03  9.9998750679E-01
           Stress_EigVec3 =  5.7024333156E-01  8.2147577969E-01 -2.9358255601E-04
           -DivStress = -2.3947179881E+03 -8.3328773752E+03 -1.8799912828E+00
           ESP =  -1.4756087664E+01     ESP at Nucleus =  -1.4756087669E+01
           ESPe = -3.1043965737E+01     ESPe at Nucleus = -3.1043963890E+01
           ESPn =  1.6287878073E+01     ESPn at Nucleus =  1.6287876222E+01

CP# 8      Coords = -3.48522433813313E+00 -3.52367311594468E+00 -3.23142724372314E-03
           Type = (3,-3) NACP O8
           Rho =  3.0200842384E+02     Rho at Nucleus =  3.0200840269E+02
           GradRho = -1.6945134185E-10 -1.0736656009E-10  2.4756238726E-13
           HessRho_EigVals = -1.5045322038E+06 -1.5045308700E+06 -1.5045042079E+06
           HessRho_EigVec1 =  1.1232639626E-03 -3.5444276516E-04  9.9999930632E-01
           HessRho_EigVec2 = -5.4608469270E-01  8.3772947884E-01  9.1032504023E-04
           HessRho_EigVec3 =  8.3772922038E-01  5.4608533643E-01 -7.4743556548E-04
           DelSqRho = -4.5135672816E+06
           Bond Ellipticity = NA
           V = -1.1285411606E+06
           G =  7.4670078207E+01
           K =  1.1284664905E+06
           L =  1.1283918204E+06
           Vnuc =  1.5086968072E+06
           Ven = -4.5563914480E+08
           Vrep =  4.5451060364E+08
           DelSqV =  2.1993695333E+11
           DelSqVen =  6.8096045384E+12
           DelSqVrep = -6.5896675850E+12
           DelSqG =  5.6230601777E+09
           DelSqK = -2.2556001351E+11
           Stress_EigVals = -3.7618503348E+05 -3.7617808679E+05 -3.7617804030E+05
           Stress_EigVec1 =  8.4524998892E-01  5.3437055215E-01 -7.5446670212E-04
           Stress_EigVec2 =  2.2067844950E-03 -2.0787472861E-03  9.9999540445E-01
           Stress_EigVec3 = -5.3436652807E-01  8.4524776948E-01  2.9363017696E-03
           -DivStress =  1.7594833148E+05 -3.4159520656E+05 -3.2219355465E+02
           ESP =  -2.2368983014E+01     ESP at Nucleus =  -2.2368983338E+01
           ESPe = -4.1453265418E+01     ESPe at Nucleus = -4.1453254318E+01
           ESPn =  1.9084282404E+01     ESPn at Nucleus =  1.9084270980E+01

CP# 9      Coords = -3.48996804134611E+00  5.06098402163412E+00 -5.29122474861469E-04
           Type = (3,-3) NACP O9
           Rho =  3.0204532178E+02     Rho at Nucleus =  3.0204529716E+02
           GradRho =  2.3220381173E-10 -1.7788415185E-10  3.2168820559E-14
           HessRho_EigVals = -1.5047202196E+06 -1.5047194710E+06 -1.5046952674E+06
           HessRho_EigVec1 =  5.0621201765E-01  8.6240741892E-01  1.6843322239E-03
           HessRho_EigVec2 =  5.6877804016E-05 -1.9864406177E-03  9.9999802541E-01
           HessRho_EigVec3 =  8.6240906184E-01 -5.0621092229E-01 -1.0546119532E-03
           DelSqRho = -4.5141349580E+06
           Bond Ellipticity = NA
           V = -1.1286829596E+06
           G =  7.4610065101E+01
           K =  1.1286083496E+06
           L =  1.1285337395E+06
           Vnuc =  1.3984869603E+06
           Ven = -4.2240644393E+08
           Vrep =  4.2127776097E+08
           DelSqV =  2.1996454331E+11
           DelSqVen =  6.3129588777E+12
           DelSqVrep = -6.0929943344E+12
           DelSqG =  5.6237901273E+09
           DelSqK = -2.2558833344E+11
           Stress_EigVals = -3.7623189669E+05 -3.7622589405E+05 -3.7622516888E+05
           Stress_EigVec1 =  8.6212923853E-01 -5.0668734455E-01 -1.0540147720E-03
           Stress_EigVec2 =  7.3293886956E-04 -8.3310960518E-04  9.9999938436E-01
           Stress_EigVec3 =  5.0668791072E-01  8.6212948030E-01  3.4687729999E-04
           -DivStress =  2.1171291807E+05  3.5644395426E+05 -6.1033728875E+01
           ESP =  -2.2376586817E+01     ESP at Nucleus =  -2.2376587193E+01
           ESPe = -4.0150155263E+01     ESPe at Nucleus = -4.0150142070E+01
           ESPn =  1.7773568445E+01     ESPn at Nucleus =  1.7773554877E+01

CP# 10     Coords = -8.12543382058339E+00  4.64107736384269E+00  3.68204681560356E-03
           Type = (3,-3) NACP H10
           Rho =  4.2324028208E-01     Rho at Nucleus =  4.1745173516E-01
           GradRho =  4.1928266414E-15 -3.3202607330E-15 -5.1381018580E-18
           HessRho_EigVals = -8.5500041325E+00 -8.5244938344E+00 -7.3555568864E+00
           HessRho_EigVec1 =  8.9160698675E-01  4.5280940024E-01 -7.9261557437E-04
           HessRho_EigVec2 =  9.6431538583E-04 -1.4835190761E-04  9.9999952404E-01
           HessRho_EigVec3 = -4.5280906714E-01  8.9160732671E-01  5.6892266882E-04
           DelSqRho = -2.4430054853E+01
           Bond Ellipticity = NA
           V = -6.1366013182E+00
           G =  1.4543802416E-02
           K =  6.1220575157E+00
           L =  6.1075137133E+00
           Vnuc =  4.4694900411E+01
           Ven = -1.8916682257E+01
           Vrep =  1.2780080939E+01
           DelSqV =  1.5587920365E+03
           DelSqVen =  1.0918988687E+03
           DelSqVrep =  4.6689316783E+02
           DelSqG =  1.1866586253E+02
           DelSqK = -1.6774578991E+03
           Stress_EigVals = -2.1487260772E+00 -2.1449450085E+00 -1.8429302324E+00
           Stress_EigVec1 =  9.6591892749E-04 -1.4988371639E-04  9.9999952227E-01
           Stress_EigVec2 =  8.9218597877E-01  4.5166752011E-01 -7.9408209661E-04
           Stress_EigVec3 = -4.5166718531E-01  8.9218631956E-01  5.6999835682E-04
           -DivStress = -8.9404608879E+00  1.7872796466E+01  1.1324614377E-02
           ESP =  -9.7209395464E-01     ESP at Nucleus =  -9.7469331003E-01
           ESPe = -1.9701377020E+01     ESPe at Nucleus = -1.9562606093E+01
           ESPn =  1.8729283065E+01     ESPn at Nucleus =  1.8587912783E+01

CP# 11     Coords = -1.57958730869098E+00  7.45190364406389E-01 -3.27911773949019E-03
           Type = (3,-3) NACP H11
           Rho =  3.6695910671E-01     Rho at Nucleus =  3.6198267753E-01
           GradRho = -3.1461638850E-13  1.1436164515E-15  2.2705903997E-16
           HessRho_EigVals = -7.3747798923E+00 -7.3567360380E+00 -6.3131791097E+00
           HessRho_EigVec1 =  4.4271977833E-03  9.9999016201E-01  2.7530638607E-04
           HessRho_EigVec2 =  7.0536671359E-04 -2.7843184407E-04  9.9999971247E-01
           HessRho_EigVec3 =  9.9998995114E-01 -4.4270023184E-03 -7.0659244704E-04
           DelSqRho = -2.1044695040E+01
           Bond Ellipticity = NA
           V = -5.3025165179E+00
           G =  2.0671378943E-02
           K =  5.2818451390E+00
           L =  5.2611737600E+00
           Vnuc =  5.0828221450E+01
           Ven = -1.8651878739E+01
           Vrep =  1.3349362221E+01
           DelSqV =  1.3458033946E+03
           DelSqVen =  1.0696644198E+03
           DelSqVrep =  2.7613897479E+02
           DelSqG =  1.0180451548E+02
           DelSqK = -1.4476079101E+03
           Stress_EigVals = -1.8515369811E+00 -1.8490370310E+00 -1.6019425057E+00
           Stress_EigVec1 =  7.2876081928E-04 -2.5119733171E-04  9.9999970290E-01
           Stress_EigVec2 =  3.4568476506E-03  9.9999399416E-01  2.4867668182E-04
           Stress_EigVec3 =  9.9999375954E-01 -3.4566653977E-03 -7.2962479337E-04
           -DivStress =  1.7283725199E+01 -5.7567220095E-02 -1.2526271062E-02
           ESP =  -9.9896328485E-01     ESP at Nucleus =  -1.0011746148E+00
           ESPe = -2.5876596201E+01     ESPe at Nucleus = -2.5816318625E+01
           ESPn =  2.4877632917E+01     ESPn at Nucleus =  2.4815144011E+01

CP# 12     Coords = -1.06103066412519E+01  9.73632771723791E-01  5.39290927149485E-03
           Type = (3,-3) NACP H12
           Rho =  4.4136824402E-01     Rho at Nucleus =  4.3775844644E-01
           GradRho =  4.6067533468E-14 -3.3818434164E-15 -4.8409627001E-17
           HessRho_EigVals = -9.0454206520E+00 -9.0357710480E+00 -8.2823768055E+00
           HessRho_EigVec1 =  8.4375830024E-02  9.9643397494E-01  2.3000262105E-04
           HessRho_EigVec2 =  1.0305708296E-03 -3.1809208075E-04  9.9999941837E-01
           HessRho_EigVec3 =  9.9643346854E-01 -8.4375543914E-02 -1.0537350715E-03
           DelSqRho = -2.6363568505E+01
           Bond Ellipticity = NA
           V = -6.6023390553E+00
           G =  5.7234644492E-03
           K =  6.5966155908E+00
           L =  6.5908921264E+00
           Vnuc =  5.1889335011E+01
           Ven = -2.2902304677E+01
           Vrep =  1.6299965622E+01
           DelSqV =  1.7148794726E+03
           DelSqVen =  1.3679880383E+03
           DelSqVrep =  3.4689143435E+02
           DelSqG =  1.3169131654E+02
           DelSqK = -1.8465707892E+03
           Stress_EigVals = -2.2650327754E+00 -2.2647343832E+00 -2.0725718967E+00
           Stress_EigVec1 =  8.3298967743E-02  9.9652459276E-01  1.3413070696E-04
           Stress_EigVec2 =  1.0378682246E-03 -2.2135327597E-04  9.9999943692E-01
           Stress_EigVec3 =  9.9652406133E-01 -8.3298781628E-02 -1.0526997092E-03
           -DivStress = -1.6154781776E+01  1.2722371677E+00  1.7068414704E-02
           ESP =  -1.0495222148E+00     ESP at Nucleus =  -1.0509682696E+00
           ESPe = -1.8520608578E+01     ESPe at Nucleus = -1.8429879543E+01
           ESPn =  1.7471086363E+01     ESPn at Nucleus =  1.7378911273E+01

CP# 13     Coords = -8.35232062739528E+00 -5.07261172939495E+00 -1.63287613162887E+00
           Type = (3,-3) NACP H13
           Rho =  4.3740915914E-01     Rho at Nucleus =  4.3425221488E-01
           GradRho = -4.1697259534E-10  8.9373070446E-10  1.3032420750E-09
           HessRho_EigVals = -8.9724360657E+00 -8.9699385329E+00 -8.2770296799E+00
           HessRho_EigVec1 =  5.9108978269E-01  7.3955504040E-01 -3.2198014073E-01
           HessRho_EigVec2 = -7.6688785151E-01  3.9155019343E-01 -5.0849923229E-01
           HessRho_EigVec3 = -2.4999178390E-01  5.4749135906E-01  7.9859709474E-01
           DelSqRho = -2.6219404278E+01
           Bond Ellipticity = NA
           V = -6.5680643358E+00
           G =  6.6066330869E-03
           K =  6.5614577027E+00
           L =  6.5548510696E+00
           Vnuc =  5.3705274519E+01
           Ven = -2.3491178968E+01
           Vrep =  1.6923114633E+01
           DelSqV =  1.7117855969E+03
           DelSqVen =  1.4081203089E+03
           DelSqVrep =  3.0366528799E+02
           DelSqG =  1.3144145696E+02
           DelSqK = -1.8432270538E+03
           Stress_EigVals = -2.2483681138E+00 -2.2480576592E+00 -2.0716385627E+00
           Stress_EigVec1 = -2.0856072152E-02  8.2126770501E-01 -5.7016171475E-01
           Stress_EigVec2 =  9.6797633247E-01  1.5928861501E-01  1.9403339122E-01
           Stress_EigVec3 = -2.5017362778E-01  5.4785627115E-01  7.9828983592E-01
           -DivStress =  3.8664025828E+00 -8.2672620426E+00 -1.2053833972E+01
           ESP =  -1.1068911772E+00     ESP at Nucleus =  -1.1081730603E+00
           ESPe = -1.8092643333E+01     ESPe at Nucleus = -1.8030121538E+01
           ESPn =  1.6985752156E+01     ESPn at Nucleus =  1.6921948478E+01

CP# 14     Coords = -8.35036166449093E+00 -5.07300403107145E+00  1.63636609027309E+00
           Type = (3,-3) NACP H14
           Rho =  4.3741061567E-01     Rho at Nucleus =  4.3425394174E-01
           GradRho = -4.0729982581E-10  8.7010664320E-10 -1.2676527120E-09
           HessRho_EigVals = -8.9724966352E+00 -8.9699988126E+00 -8.2771288017E+00
           HessRho_EigVec1 =  5.9152869842E-01  7.3944826137E-01  3.2141883532E-01
           HessRho_EigVec2 = -7.6624005253E-01  3.9148329790E-01  5.0952625973E-01
           HessRho_EigVec3 =  2.5093820123E-01 -5.4768339049E-01  7.9816848030E-01
           DelSqRho = -2.6219624249E+01
           Bond Ellipticity = NA
           V = -6.5681196892E+00
           G =  6.6068134389E-03
           K =  6.5615128758E+00
           L =  6.5549060624E+00
           Vnuc =  5.3706704565E+01
           Ven = -2.3491882710E+01
           Vrep =  1.6923763020E+01
           DelSqV =  1.7118044591E+03
           DelSqVen =  1.4081696177E+03
           DelSqVrep =  3.0363484140E+02
           DelSqG =  1.3144320305E+02
           DelSqK = -1.8432476621E+03
           Stress_EigVals = -2.2483833282E+00 -2.2480728144E+00 -2.0716635466E+00
           Stress_EigVec1 = -2.0172469413E-02  8.2113156476E-01  5.7038234969E-01
